50 120 480 1250
18743550 10 0 18830765 513
18678013 10 0 18830765 512
18612476 10 0 18830765 512
18612475 10 0 18830781 512
18546938 10 0 18830781 512
18481401 10 0 18830781 512
18481399 10 0 18830781 512
18415862 10 0 18830781 512
18415861 10 0 18830781 512
18415859 10 0 18830781 512
18350322 10 0 18830796 512
18350321 10 0 18830796 512
18284784 10 0 18830796 512
18284781 10 0 18830796 512
18219243 10 0 18830796 512
18219242 10 0 18830796 512
18153704 10 0 18830812 512
18153703 10 0 18830812 512
18153702 10 0 18830812 512
18153701 10 0 18830812 512
18153699 10 0 18830812 512
18153698 10 0 18830812 512
18088159 10 0 18830812 512
18088158 10 0 18830828 512
18088155 10 0 18830828 512
18088153 10 0 18830828 512
18088151 10 0 18830828 512
18088150 10 0 18830828 512
18088148 10 0 18830828 512
18088147 10 0 18830828 512
18153680 10 0 18830828 512
18219215 10 0 18830843 512
18219214 10 0 18830843 512
18284748 10 0 18830843 512
18350283 10 0 18830843 512
18350281 10 0 18830843 512
18415816 10 0 18830843 512
18481351 10 0 18830843 512
18481350 10 0 18830843 512
18546884 10 0 18830859 512
18612420 10 0 18830859 512
18612419 10 0 18830859 512
18677954 10 0 18830859 512
18677953 10 0 18830859 512
18809024 10 0 18830859 512
18874559 10 0 18830859 512
19005630 10 0 18830875 512
19136700 10 0 18830875 512
19202236 10 0 18830875 512
19267771 10 0 18830875 512
19398842 10 0 18830875 512
19529914 10 0 18830875 512
19660985 10 0 18830875 512
19792056 10 0 18830875 512
19923127 10 0 18830890 512
20119735 10 0 18830890 512
20185271 10 0 18830890 512
20250806 10 0 18830890 512
20381878 10 0 18830890 512
20578486 10 0 18830890 512
20906165 10 0 18830890 512
21102773 10 0 18830906 512
21430452 10 0 18830906 512
21495988 10 0 18830906 512
21692596 10 0 18830906 512
21889204 10 0 18830906 512
22216884 10 0 18830906 512
22347956 10 0 18830906 512
22479028 10 0 18830906 512
22610100 10 0 18830921 512
22872245 10 0 18830921 512
22937781 10 0 18830921 512
23068854 10 0 18830921 512
23330999 10 0 18830921 512
23462073 10 0 18830921 512
23593146 10 0 18830921 512
23658683 10 0 18830937 512
23724220 10 0 18830937 512
23724221 10 0 18830937 512
23855294 10 0 18830937 512
23855296 10 0 18830937 512
24051906 10 0 18830937 512
24051907 10 0 18830937 512
24117444 10 0 18830953 512
24182982 10 0 18830953 512
24182985 10 0 18830953 512
24182986 10 0 18830953 512
24248524 10 0 18830953 512
24314062 10 0 18830953 512
24379601 10 0 18830953 512
24379602 10 0 18830953 512
24379604 10 0 18830968 512
24379606 10 0 18830968 512
24379610 10 0 18830968 512
24379611 10 0 18830968 512
24379614 10 0 18830968 512
24379616 10 0 18830968 512
24379619 10 0 18830968 512
24379621 10 0 18830968 512
24379624 10 0 18830984 512
24379626 10 0 18830984 512
24379632 10 0 18830984 512
24379633 10 0 18830984 512
24314100 10 0 18830984 512
24248566 10 0 18830984 512
24183033 10 0 18830984 512
24183035 10 0 18830984 512
24051967 10 0 18831000 512
23986433 10 0 18831000 512
23920899 10 0 18831000 512
23855365 10 0 18831000 512
23593227 10 0 18831000 512
23462158 10 0 18831000 512
23462159 10 0 18831000 512
23396625 10 0 18831015 512
23265554 10 0 18831015 512
23068950 10 0 18831015 512
23003414 10 0 18831015 512
22937879 10 0 18831015 512
22872343 10 0 18831015 512
22741273 10 0 18831015 512
22610203 10 0 18831015 512
22479133 10 0 18831031 512
22282526 10 0 18831031 512
22151455 10 0 18831031 512
22020384 10 0 18831031 512
21954848 10 0 18831031 512
21758241 10 0 18831031 512
21627169 10 0 18831031 512
21496097 10 0 18831046 512
21365025 10 0 18831046 512
21233953 10 0 18831046 512
21037345 10 0 18831046 512
20906273 10 0 18831046 512
20709665 10 0 18831046 512
20513056 10 0 18831046 512
20316447 10 0 18831046 512
20119838 10 0 18831062 512
19923229 10 0 18831062 512
19726619 10 0 18831062 512
19333400 10 0 18831062 512
19202327 10 0 18831062 512
19071253 10 0 18831062 512
18874644 10 0 18831062 512
18546961 10 0 18831062 512
18481424 10 0 18831078 512
18350351 10 0 18831078 512
18219277 10 0 18831078 512
18153740 10 0 18831078 512
18088202 10 0 18831078 512
18022665 10 0 18831078 512
17957128 10 0 18831078 512
17826054 10 0 18831078 512
17826052 10 0 18831093 512
17760515 10 0 18831093 512
17760513 10 0 18831093 512
17760512 10 0 18831093 512
17694975 10 0 18831093 512
17694974 10 0 18831109 512
17694973 10 0 18831109 512
17694972 10 0 18831109 512
17694971 10 0 18831109 512
17694970 10 0 18831109 512
17694969 10 0 18831125 512
17760505 10 0 18831125 512
17826041 10 0 18831125 512
17826040 10 0 18831140 512
17826040 10 0 18831140 514
15532412 10 0 18831359 513
15597948 10 0 18831375 512
15663484 10 0 18831375 512
15729020 10 0 18831375 512
15860092 10 0 18831375 512
15991164 10 0 18831375 512
16056700 10 0 18831390 512
16187772 10 0 18831390 512
16318844 10 0 18831390 512
16384380 10 0 18831390 512
16515452 10 0 18831390 512
16712060 10 0 18831390 512
17105276 10 0 18831390 512
17301884 10 0 18831406 512
17564028 10 0 18831406 512
17826172 10 0 18831406 512
18350461 10 0 18831406 512
18415997 10 0 18831406 512
18743678 10 0 18831406 512
19136894 10 0 18831406 512
19726718 10 0 18831406 512
19792254 10 0 18831421 512
20251007 10 0 18831421 512
20644223 10 0 18831421 512
21430655 10 0 18831421 512
21561728 10 0 18831421 512
21889408 10 0 18831421 512
22348160 10 0 18831421 512
22806913 10 0 18831421 512
23134593 10 0 18831437 512
23593346 10 0 18831437 512
23986562 10 0 18831437 512
24641923 10 0 18831437 512
24838531 10 0 18831437 512
25166211 10 0 18831437 512
25493891 10 0 18831437 512
26149252 10 0 18831437 512
26280325 10 0 18831453 512
26542469 10 0 18831453 512
26804614 10 0 18831453 512
27263366 10 0 18831453 512
27394438 10 0 18831453 512
27591047 10 0 18831453 512
27787655 10 0 18831453 512
27918728 10 0 18831468 512
28049800 10 0 18831468 512
28180873 10 0 18831468 512
28311945 10 0 18831468 512
28443018 10 0 18831468 512
28574090 10 0 18831468 512
28639626 10 0 18831468 512
28705163 10 0 18831468 512
28901772 10 0 18831484 512
28967308 10 0 18831484 512
29098380 10 0 18831484 512
29163916 10 0 18831484 512
29163917 10 0 18831484 512
29229453 10 0 18831484 512
29294989 10 0 18831484 512
29360525 10 0 18831500 512
29360525 10 0 18831531 514
17760707 10 0 18831828 513
17826243 10 0 18831843 512
17891779 10 0 18831859 512
17957315 10 0 18831859 512
18088387 10 0 18831859 512
18153923 10 0 18831859 512
18219459 10 0 18831859 512
18350531 10 0 18831859 512
18481603 10 0 18831875 512
18547139 10 0 18831875 512
18612675 10 0 18831875 512
18809283 10 0 18831875 512
18874819 10 0 18831875 512
19005891 10 0 18831875 512
19136963 10 0 18831890 512
19268035 10 0 18831890 512
19333571 10 0 18831890 512
19530179 10 0 18831890 512
19661251 10 0 18831890 512
19857859 10 0 18831890 512
19923395 10 0 18831890 512
19988931 10 0 18831890 512
20120003 10 0 18831906 512
20316612 10 0 18831906 512
20382148 10 0 18831906 512
20447685 10 0 18831906 512
20578757 10 0 18831906 512
20644293 10 0 18831906 512
20775365 10 0 18831906 512
20840902 10 0 18831921 512
20906438 10 0 18831921 512
20906439 10 0 18831921 512
20971975 10 0 18831921 512
21037511 10 0 18831921 512
21037512 10 0 18831937 512
21103048 10 0 18831937 512
21037512 10 0 18831968 512
20971976 10 0 18831968 512
20906440 10 0 18831968 512
20840904 10 0 18831984 512
20775368 10 0 18831984 512
20709832 10 0 18831984 512
20644296 10 0 18831984 512
20578760 10 0 18831984 512
20447688 10 0 18831984 512
20382152 10 0 18831984 512
20316617 10 0 18832000 512
19988937 10 0 18832000 512
19923401 10 0 18832000 512
19857865 10 0 18832000 512
19792329 10 0 18832000 512
19595721 10 0 18832000 512
19464649 10 0 18832000 512
19399113 10 0 18832015 512
19268041 10 0 18832015 512
19071433 10 0 18832015 512
19005897 10 0 18832015 512
18874825 10 0 18832015 512
18874825 10 0 18832015 514
16646595 10 0 18832078 513
16581059 10 0 18832078 512
16515523 10 0 18832093 512
16449987 10 0 18832171 512
16449988 10 0 18832171 512
16449989 10 0 18832171 512
16449990 10 0 18832171 512
16449991 10 0 18832187 512
16449992 10 0 18832187 512
16449993 10 0 18832187 512
16449994 10 0 18832187 512
16449995 10 0 18832187 512
16449997 10 0 18832187 512
16449998 10 0 18832203 512
16449999 10 0 18832203 512
16450001 10 0 18832203 512
16450003 10 0 18832203 512
16450004 10 0 18832203 512
16450006 10 0 18832203 512
16450007 10 0 18832203 512
16450008 10 0 18832203 512
16450011 10 0 18832218 512
16384478 10 0 18832218 512
16384479 10 0 18832218 512
16318945 10 0 18832218 512
16318948 10 0 18832218 512
16253416 10 0 18832218 512
16253417 10 0 18832218 512
16253420 10 0 18832218 512
16253422 10 0 18832234 512
16187889 10 0 18832234 512
16122356 10 0 18832234 512
16122359 10 0 18832234 512
16122362 10 0 18832234 512
16056828 10 0 18832234 512
16056831 10 0 18832234 512
16056835 10 0 18832234 512
15991302 10 0 18832250 512
15991304 10 0 18832250 512
15991307 10 0 18832250 512
15925774 10 0 18832250 512
15925777 10 0 18832250 512
15925783 10 0 18832250 512
15925785 10 0 18832250 512
15860252 10 0 18832265 512
15860255 10 0 18832265 512
15860258 10 0 18832265 512
15794725 10 0 18832265 512
15794729 10 0 18832265 512
15794732 10 0 18832265 512
15729203 10 0 18832265 512
15729204 10 0 18832265 512
15663672 10 0 18832281 512
15663674 10 0 18832281 512
15598141 10 0 18832281 512
15598144 10 0 18832281 512
15532612 10 0 18832281 512
15532614 10 0 18832281 512
15532618 10 0 18832281 512
15532619 10 0 18832281 512
15532621 10 0 18832296 512
15532623 10 0 18832296 512
15532627 10 0 18832296 512
15532628 10 0 18832296 512
15532629 10 0 18832296 512
15532630 10 0 18832296 512
15532632 10 0 18832296 512
15532634 10 0 18832296 512
15532635 10 0 18832312 512
15532636 10 0 18832312 512
15532638 10 0 18832312 512
15532639 10 0 18832312 512
15532640 10 0 18832312 512
15532641 10 0 18832312 512
15532642 10 0 18832312 512
15532643 10 0 18832328 512
15532644 10 0 18832328 512
15598180 10 0 18832390 512
15663716 10 0 18832406 512
15729252 10 0 18832406 512
15794789 10 0 18832406 512
15860325 10 0 18832406 512
15925861 10 0 18832406 512
15991397 10 0 18832406 512
16122469 10 0 18832421 512
16188005 10 0 18832421 512
16384613 10 0 18832421 512
16515685 10 0 18832421 512
16581221 10 0 18832421 512
16646757 10 0 18832421 512
16843365 10 0 18832421 512
17039973 10 0 18832437 512
17171045 10 0 18832437 512
17302117 10 0 18832437 512
17498724 10 0 18832437 512
17564260 10 0 18832437 512
17695332 10 0 18832437 512
17826404 10 0 18832437 512
17957475 10 0 18832453 512
18088547 10 0 18832453 512
18219619 10 0 18832453 512
18350690 10 0 18832453 512
18547298 10 0 18832453 512
18612834 10 0 18832453 512
18743906 10 0 18832453 512
18809442 10 0 18832468 512
19006050 10 0 18832468 512
19071586 10 0 18832468 512
19137122 10 0 18832468 512
19202658 10 0 18832468 512
19399266 10 0 18832468 512
19464802 10 0 18832468 512
19530338 10 0 18832484 512
19595874 10 0 18832484 512
19661410 10 0 18832484 512
19726946 10 0 18832484 512
19792482 10 0 18832484 512
19858018 10 0 18832484 512
19923554 10 0 18832500 512
19989090 10 0 18832500 512
20054626 10 0 18832515 512
20054626 10 0 18832515 514
21496281 10 0 18832781 513
21496282 10 0 18832812 512
21496283 10 0 18832812 512
21496284 10 0 18832828 512
21496285 10 0 18832828 512
21430749 10 0 18832828 512
21430751 10 0 18832828 512
21430752 10 0 18832828 512
21430754 10 0 18832843 512
21365219 10 0 18832843 512
21365220 10 0 18832843 512
21299685 10 0 18832843 512
21299686 10 0 18832843 512
21299688 10 0 18832843 512
21299689 10 0 18832843 512
21299690 10 0 18832843 512
21234156 10 0 18832859 512
21168625 10 0 18832859 512
21168630 10 0 18832859 512
21168633 10 0 18832859 512
21103102 10 0 18832859 512
21103103 10 0 18832859 512
21103107 10 0 18832859 512
21103110 10 0 18832875 512
21037580 10 0 18832875 512
21037587 10 0 18832875 512
21037591 10 0 18832875 512
21037595 10 0 18832875 512
21037599 10 0 18832875 512
21037602 10 0 18832875 512
21037607 10 0 18832890 512
21037616 10 0 18832890 512
21037617 10 0 18832890 512
21037622 10 0 18832890 512
21037626 10 0 18832890 512
21037633 10 0 18832890 512
21037634 10 0 18832890 512
21037638 10 0 18832906 512
21037642 10 0 18832906 512
21037646 10 0 18832906 512
21103185 10 0 18832906 512
21103188 10 0 18832906 512
21103191 10 0 18832906 512
21103197 10 0 18832906 512
21103198 10 0 18832906 512
21103201 10 0 18832921 512
21103203 10 0 18832921 512
21103207 10 0 18832921 512
21103209 10 0 18832921 512
21103211 10 0 18832921 512
21103213 10 0 18832921 512
21103214 10 0 18832937 512
21103215 10 0 18832937 512
21103215 10 0 18832937 514
25297326 10 0 18833156 513
25297327 10 0 18833156 512
25297329 10 0 18833156 512
25297331 10 0 18833156 512
25297333 10 0 18833156 512
25297334 10 0 18833171 512
25231801 10 0 18833171 512
25231802 10 0 18833171 512
25231803 10 0 18833171 512
25166270 10 0 18833171 512
25166273 10 0 18833171 512
25166275 10 0 18833171 512
25166278 10 0 18833187 512
25166282 10 0 18833187 512
25166283 10 0 18833187 512
25166286 10 0 18833187 512
25166288 10 0 18833187 512
25166291 10 0 18833187 512
25166293 10 0 18833187 512
25166299 10 0 18833203 512
25166304 10 0 18833203 512
25166306 10 0 18833203 512
25166309 10 0 18833203 512
25166312 10 0 18833203 512
25166317 10 0 18833203 512
25166318 10 0 18833203 512
25166320 10 0 18833218 512
25166323 10 0 18833218 512
25166327 10 0 18833218 512
25166329 10 0 18833218 512
25166331 10 0 18833218 512
25166335 10 0 18833218 512
25166340 10 0 18833218 512
25166341 10 0 18833218 512
25166344 10 0 18833234 512
25166347 10 0 18833234 512
25166350 10 0 18833234 512
25166353 10 0 18833234 512
25166356 10 0 18833234 512
25166358 10 0 18833234 512
25166365 10 0 18833234 512
25166366 10 0 18833234 512
25166369 10 0 18833250 512
25166372 10 0 18833250 512
25166376 10 0 18833250 512
25166377 10 0 18833250 512
25100844 10 0 18833250 512
25100847 10 0 18833250 512
25100850 10 0 18833250 512
25035316 10 0 18833250 512
25035318 10 0 18833250 512
25035321 10 0 18833265 512
24969789 10 0 18833265 512
24969790 10 0 18833265 512
24969792 10 0 18833265 512
24904258 10 0 18833265 512
24838728 10 0 18833265 512
24773195 10 0 18833281 512
24773197 10 0 18833281 512
24773200 10 0 18833281 512
24773201 10 0 18833281 512
24707667 10 0 18833281 512
24642137 10 0 18833281 512
24576602 10 0 18833281 512
24576604 10 0 18833296 512
24576607 10 0 18833296 512
24511073 10 0 18833296 512
24511074 10 0 18833296 512
24445540 10 0 18833296 512
24445541 10 0 18833296 512
24380008 10 0 18833296 512
24380010 10 0 18833312 512
24314476 10 0 18833312 512
24248942 10 0 18833312 512
24248944 10 0 18833312 512
24248945 10 0 18833312 512
24183410 10 0 18833312 512
24183411 10 0 18833328 512
24117875 10 0 18833328 512
24117877 10 0 18833328 512
24117878 10 0 18833328 512
24052342 10 0 18833328 512
24052341 10 0 18833375 512
24052340 10 0 18833375 512
24052339 10 0 18833390 512
24052339 10 0 18833390 514
26083896 10 0 18833468 513
26149431 10 0 18833468 512
26280503 10 0 18833468 512
26477108 10 0 18833468 512
26542643 10 0 18833468 512
26739250 10 0 18833468 512
26804785 10 0 18833484 512
26935857 10 0 18833484 512
27001392 10 0 18833484 512
27197999 10 0 18833484 512
27263534 10 0 18833484 512
27394606 10 0 18833484 512
27460142 10 0 18833484 512
27525678 10 0 18833484 512
27591214 10 0 18833500 512
27722286 10 0 18833500 512
27787822 10 0 18833500 512
27853358 10 0 18833500 512
27984430 10 0 18833500 512
28049966 10 0 18833500 512
28115502 10 0 18833500 512
28181038 10 0 18833500 512
28312110 10 0 18833515 512
28508718 10 0 18833515 512
28574254 10 0 18833515 512
28705326 10 0 18833515 512
28836398 10 0 18833515 512
28967470 10 0 18833515 512
29098542 10 0 18833531 512
29164078 10 0 18833531 512
29229614 10 0 18833531 512
29360686 10 0 18833531 512
29426222 10 0 18833531 512
29491758 10 0 18833531 512
29557294 10 0 18833546 512
29622830 10 0 18833546 512
29688366 10 0 18833546 512
29753902 10 0 18833562 512
29753903 10 0 18833562 512
29819439 10 0 18833562 512
29884975 10 0 18833578 512
29884976 10 0 18833609 512
29884976 10 0 18833609 514
15598248 10 0 18833843 513
15598249 10 0 18833859 512
15532713 10 0 18833859 512
15532714 10 0 18833859 512
15532715 10 0 18833859 512
15467179 10 0 18833875 512
15467180 10 0 18833875 512
15467181 10 0 18833875 512
15401646 10 0 18833875 512
15336112 10 0 18833875 512
15336113 10 0 18833875 512
15270578 10 0 18833890 512
15205044 10 0 18833890 512
15205046 10 0 18833890 512
15205047 10 0 18833890 512
15205048 10 0 18833890 512
15139515 10 0 18833890 512
15139516 10 0 18833906 512
15073982 10 0 18833906 512
15073985 10 0 18833906 512
15073986 10 0 18833906 512
15073987 10 0 18833906 512
15073990 10 0 18833906 512
15073994 10 0 18833906 512
15073996 10 0 18833921 512
15073998 10 0 18833921 512
15074001 10 0 18833921 512
15074003 10 0 18833921 512
15074004 10 0 18833921 512
15074006 10 0 18833921 512
15074009 10 0 18833921 512
15074010 10 0 18833921 512
15074012 10 0 18833937 512
15074013 10 0 18833937 512
15074014 10 0 18833937 512
15074015 10 0 18833937 512
15074018 10 0 18833937 512
15074020 10 0 18833937 512
15074021 10 0 18833937 512
15074022 10 0 18833953 512
15074024 10 0 18833953 512
15074026 10 0 18833953 512
15074027 10 0 18833953 512
15074028 10 0 18833953 512
15074029 10 0 18833953 512
15074030 10 0 18833968 512
15074031 10 0 18833968 512
15074031 10 0 18833968 514
18350736 10 0 18834109 513
18350737 10 0 18834125 512
18416273 10 0 18834125 512
18416274 10 0 18834125 512
18416275 10 0 18834125 512
18481812 10 0 18834140 512
18481815 10 0 18834140 512
18481816 10 0 18834140 512
18481818 10 0 18834140 512
18481820 10 0 18834140 512
18481822 10 0 18834140 512
18481823 10 0 18834140 512
18481825 10 0 18834156 512
18481828 10 0 18834156 512
18481830 10 0 18834156 512
18481832 10 0 18834156 512
18481835 10 0 18834156 512
18481839 10 0 18834156 512
18481840 10 0 18834156 512
18481842 10 0 18834156 512
18481845 10 0 18834171 512
18481849 10 0 18834171 512
18481850 10 0 18834171 512
18481853 10 0 18834171 512
18481855 10 0 18834171 512
18481858 10 0 18834171 512
18481859 10 0 18834171 512
18481860 10 0 18834171 512
18481862 10 0 18834187 512
18481864 10 0 18834187 512
18481868 10 0 18834187 512
18481870 10 0 18834187 512
18481872 10 0 18834187 512
18416339 10 0 18834187 512
18416340 10 0 18834187 512
18416341 10 0 18834187 512
18350808 10 0 18834203 512
18285275 10 0 18834203 512
18285277 10 0 18834203 512
18219742 10 0 18834203 512
18154208 10 0 18834203 512
18154209 10 0 18834203 512
18154210 10 0 18834203 512
18088675 10 0 18834218 512
18023141 10 0 18834218 512
18023141 10 0 18834218 514
18023141 10 0 18834218 513
18023142 10 0 18834218 512
17957607 10 0 18834218 512
17957608 10 0 18834218 512
17957608 10 0 18834234 514
18875082 10 0 18834328 513
18940616 10 0 18834328 512
19071685 10 0 18834328 512
19202752 10 0 18834328 512
19333822 10 0 18834343 512
19399355 10 0 18834343 512
19530425 10 0 18834343 512
19530424 10 0 18834343 512
19530423 10 0 18834343 512
19595958 10 0 18834343 512
19595957 10 0 18834343 512
19661492 10 0 18834359 512
19661491 10 0 18834359 512
19661490 10 0 18834359 512
19727025 10 0 18834359 512
19727024 10 0 18834359 512
19792559 10 0 18834359 512
19792558 10 0 18834375 512
19858094 10 0 18834375 512
19858093 10 0 18834375 512
19923629 10 0 18834375 512
19989165 10 0 18834390 512
19989164 10 0 18834390 512
20054700 10 0 18834390 512
20054699 10 0 18834390 512
20120235 10 0 18834390 512
20185771 10 0 18834390 512
20251307 10 0 18834406 512
20316843 10 0 18834406 512
20447914 10 0 18834406 512
20513450 10 0 18834406 512
20578986 10 0 18834421 512
20644522 10 0 18834421 512
20710058 10 0 18834421 512
20775594 10 0 18834421 512
20841130 10 0 18834421 512
20906666 10 0 18834421 512
20972202 10 0 18834421 512
21037738 10 0 18834437 512
21103274 10 0 18834437 512
21168810 10 0 18834437 512
21299882 10 0 18834437 512
21365418 10 0 18834437 512
21365419 10 0 18834453 512
21496491 10 0 18834453 512
21496492 10 0 18834453 512
21562028 10 0 18834453 512
21627564 10 0 18834453 512
21627565 10 0 18834453 512
21693101 10 0 18834468 512
21758637 10 0 18834468 512
21758638 10 0 18834468 512
21758639 10 0 18834484 512
21758640 10 0 18834484 512
21824177 10 0 18834484 512
21824178 10 0 18834484 512
21824179 10 0 18834500 512
21824180 10 0 18834500 512
21824181 10 0 18834500 512
21824182 10 0 18834500 512
21824184 10 0 18834500 512
21824185 10 0 18834500 512
21824186 10 0 18834515 512
21824187 10 0 18834515 512
21824188 10 0 18834515 512
21824189 10 0 18834515 512
21824190 10 0 18834515 512
21824193 10 0 18834515 512
21824194 10 0 18834515 512
21824195 10 0 18834531 512
21824197 10 0 18834531 512
21758662 10 0 18834531 512
21758663 10 0 18834531 512
21758664 10 0 18834531 512
21693128 10 0 18834546 512
21627593 10 0 18834546 512
21562058 10 0 18834546 512
21496522 10 0 18834546 512
21365452 10 0 18834546 512
21299916 10 0 18834562 512
21168844 10 0 18834562 512
21103308 10 0 18834562 512
21037772 10 0 18834562 512
20972236 10 0 18834562 512
20906700 10 0 18834562 512
20841164 10 0 18834578 512
20775628 10 0 18834578 512
20644556 10 0 18834578 512
20513483 10 0 18834578 512
20447947 10 0 18834578 512
20316875 10 0 18834578 512
20120265 10 0 18834578 512
20054729 10 0 18834578 512
19989192 10 0 18834593 512
19858119 10 0 18834593 512
19792582 10 0 18834593 512
19727046 10 0 18834593 512
19727045 10 0 18834593 512
19595972 10 0 18834593 512
19530435 10 0 18834609 512
19399363 10 0 18834609 512
19399362 10 0 18834609 512
19333826 10 0 18834609 512
19333825 10 0 18834625 512
19333825 10 0 18834656 514
18350840 10 0 18834812 513
18219770 10 0 18834812 512
18154235 10 0 18834812 512
18154236 10 0 18834812 512
18088701 10 0 18834812 512
18088702 10 0 18834812 512
18023167 10 0 18834828 512
17957632 10 0 18834828 512
17957633 10 0 18834828 512
17892098 10 0 18834828 512
17892099 10 0 18834828 512
17892100 10 0 18834828 512
17826565 10 0 18834828 512
17826566 10 0 18834828 512
17761033 10 0 18834843 512
17761034 10 0 18834843 512
17695500 10 0 18834843 512
17695502 10 0 18834843 512
17695503 10 0 18834843 512
17695506 10 0 18834843 512
17695507 10 0 18834843 512
17695509 10 0 18834859 512
17695512 10 0 18834859 512
17695513 10 0 18834859 512
17695515 10 0 18834859 512
17695517 10 0 18834859 512
17695519 10 0 18834859 512
17695521 10 0 18834859 512
17761059 10 0 18834859 512
17761060 10 0 18834875 512
17826600 10 0 18834875 512
17826601 10 0 18834875 512
17826603 10 0 18834875 512
17892140 10 0 18834875 512
17957679 10 0 18834875 512
17957680 10 0 18834875 512
17957681 10 0 18834875 512
17957683 10 0 18834890 512
18023221 10 0 18834890 512
18088759 10 0 18834890 512
18154296 10 0 18834890 512
18154297 10 0 18834890 512
18154298 10 0 18834890 512
18219834 10 0 18834906 512
18219835 10 0 18834906 512
18285371 10 0 18834906 512
18350907 10 0 18834921 512
18350907 10 0 18834937 514
19792657 10 0 18835031 513
19858192 10 0 18835031 512
19923727 10 0 18835031 512
19989262 10 0 18835046 512
19989263 10 0 18835078 512
19989264 10 0 18835078 512
19989265 10 0 18835078 512
19989266 10 0 18835093 512
19989267 10 0 18835093 512
19989268 10 0 18835093 512
19989269 10 0 18835093 512
19989271 10 0 18835093 512
19923735 10 0 18835109 512
19923736 10 0 18835109 512
19923737 10 0 18835109 512
19858202 10 0 18835109 512
19858203 10 0 18835109 512
19792669 10 0 18835109 512
19727134 10 0 18835109 512
19727135 10 0 18835125 512
19661599 10 0 18835125 512
19661600 10 0 18835125 512
19596065 10 0 18835125 512
19464995 10 0 18835125 512
19399460 10 0 18835125 512
19333925 10 0 18835140 512
19333925 10 0 18835140 514
19202855 10 0 18835140 513
19137320 10 0 18835140 512
19071784 10 0 18835140 512
19006249 10 0 18835140 512
18940715 10 0 18835140 512
18809643 10 0 18835156 512
18809643 10 0 18835156 514
16450359 10 0 18835218 513
16384823 10 0 18835218 512
16384822 10 0 18835234 512
16450358 10 0 18835234 512
16450357 10 0 18835234 512
16515893 10 0 18835250 512
16646964 10 0 18835250 512
16712500 10 0 18835250 512
16778036 10 0 18835250 512
16843571 10 0 18835250 512
16974643 10 0 18835250 512
17040178 10 0 18835265 512
17171250 10 0 18835265 512
17236786 10 0 18835265 512
17302322 10 0 18835265 512
17367858 10 0 18835265 512
17498930 10 0 18835265 512
17564466 10 0 18835265 512
17695537 10 0 18835281 512
17761073 10 0 18835281 512
17826609 10 0 18835281 512
17892145 10 0 18835281 512
18088753 10 0 18835281 512
18154289 10 0 18835281 512
18285361 10 0 18835296 512
18350897 10 0 18835296 512
18481969 10 0 18835296 512
18547505 10 0 18835296 512
18744113 10 0 18835296 512
18809649 10 0 18835296 512
19071793 10 0 18835296 512
19137329 10 0 18835296 512
19202865 10 0 18835312 512
19399473 10 0 18835312 512
19530545 10 0 18835312 512
19596081 10 0 18835312 512
19727153 10 0 18835312 512
19858225 10 0 18835312 512
19923761 10 0 18835312 512
20054833 10 0 18835312 512
20185905 10 0 18835328 512
20316976 10 0 18835328 512
20448048 10 0 18835328 512
20579120 10 0 18835328 512
20775727 10 0 18835328 512
20906799 10 0 18835328 512
20906799 10 0 18835328 514
23397121 10 0 18835437 513
23462656 10 0 18835437 512
23462655 10 0 18835437 512
23528190 10 0 18835437 512
23593724 10 0 18835437 512
23593723 10 0 18835437 512
23659258 10 0 18835437 512
23659257 10 0 18835437 512
23724792 10 0 18835453 512
23790327 10 0 18835453 512
23790326 10 0 18835453 512
23855861 10 0 18835453 512
23921396 10 0 18835453 512
23986931 10 0 18835453 512
24118002 10 0 18835468 512
24183537 10 0 18835468 512
24249073 10 0 18835468 512
24314609 10 0 18835468 512
24380145 10 0 18835468 512
24445681 10 0 18835468 512
24511217 10 0 18835484 512
24576753 10 0 18835484 512
24642289 10 0 18835484 512
24773361 10 0 18835484 512
24904433 10 0 18835484 512
24969969 10 0 18835500 512
25166577 10 0 18835500 512
25297649 10 0 18835500 512
25428721 10 0 18835500 512
25559793 10 0 18835500 512
25625329 10 0 18835500 512
25690865 10 0 18835500 512
25821937 10 0 18835515 512
26018545 10 0 18835515 512
26084081 10 0 18835515 512
26215153 10 0 18835515 512
26346226 10 0 18835515 512
26411762 10 0 18835515 512
26542835 10 0 18835515 512
26608372 10 0 18835531 512
26804981 10 0 18835531 512
26870517 10 0 18835531 512
26936054 10 0 18835531 512
27001591 10 0 18835531 512
27132663 10 0 18835531 512
27132664 10 0 18835531 512
27198200 10 0 18835531 512
27263737 10 0 18835546 512
27329274 10 0 18835546 512
27394810 10 0 18835546 512
27394812 10 0 18835546 512
27460349 10 0 18835546 512
27591422 10 0 18835546 512
27591423 10 0 18835546 512
27591424 10 0 18835546 512
27788039 10 0 18835562 512
27853577 10 0 18835562 512
27853579 10 0 18835562 512
27919117 10 0 18835562 512
27919120 10 0 18835562 512
27984659 10 0 18835562 512
27984661 10 0 18835578 512
27984666 10 0 18835578 512
27984667 10 0 18835578 512
27984670 10 0 18835578 512
27984674 10 0 18835578 512
27984680 10 0 18835578 512
27984682 10 0 18835578 512
27984685 10 0 18835578 512
27984689 10 0 18835593 512
27984697 10 0 18835593 512
27984698 10 0 18835593 512
27984703 10 0 18835593 512
27984706 10 0 18835593 512
27984713 10 0 18835593 512
27984716 10 0 18835593 512
27984720 10 0 18835593 512
27919188 10 0 18835609 512
27853658 10 0 18835609 512
27788125 10 0 18835609 512
27722592 10 0 18835609 512
27722596 10 0 18835609 512
27657063 10 0 18835609 512
27657063 10 0 18835609 514
