70 140 660 1280
22151379 10 3550702 49105375 513
22085843 10 3550702 49105390 512
22020307 10 3550702 49105406 512
21954771 10 3550702 49105406 512
21889235 10 3550702 49105406 512
21889236 10 3550702 49105406 512
21823701 10 3550702 49105406 512
21758166 10 2588671 49105421 512
21758167 10 2588671 49105421 512
21627096 10 2588671 49105421 512
21627097 10 2588671 49105421 512
21561562 10 2588671 49105437 512
21561563 10 2588671 49105437 512
21496028 10 2588671 49105437 512
21430494 10 2588671 49105437 512
21364960 10 2588671 49105437 512
21168356 10 2588671 49105453 512
21168357 10 2588671 49105453 512
21168358 10 2588671 49105453 512
21102823 10 2588671 49105453 512
21037289 10 2588671 49105453 512
21037290 10 2588671 49105453 512
20971755 10 2588671 49105453 512
20971757 10 2588671 49105453 512
20906223 10 2588671 49105468 512
20840689 10 2588671 49105468 512
20840690 10 2588671 49105468 512
20840692 10 2588671 49105468 512
20775157 10 2588671 49105468 512
20709622 10 2588671 49105484 512
20709625 10 2588671 49105484 512
20709626 10 2588671 49105484 512
20709628 10 62207 49105484 512
20644093 10 62207 49105484 512
20644094 10 62207 49105484 512
20644095 10 62207 49105484 512
20578560 10 62207 49105484 512
20578561 10 62207 49105500 512
20578563 10 62207 49105500 512
20578564 10 62207 49105500 512
20578565 10 62207 49105500 512
20578567 10 62207 49105500 512
20578568 10 62207 49105500 512
20578570 10 62207 49105515 512
20578571 10 62207 49105515 512
20578572 10 62207 49105515 512
20578573 10 62207 49105531 512
20578574 10 62207 49105531 512
20644110 10 1498737 49105546 512
20709646 10 1498737 49105546 512
20775182 10 1498737 49105562 512
20840718 10 1498737 49105562 512
20906254 10 1498737 49105562 512
20971790 10 1498737 49105562 512
21037325 10 1498737 49105578 512
21168397 10 1498737 49105578 512
21233933 10 1498737 49105578 512
21365004 10 1498737 49105578 512
21430539 10 1498737 49105578 512
21496075 10 1498737 49105578 512
21561611 10 1498737 49105593 512
21627146 10 1498737 49105593 512
21823753 10 1498737 49105593 512
21889289 10 1498737 49105593 512
21954825 10 1498737 49105593 512
22085896 10 1498737 49105593 512
22216967 10 1498737 49105593 512
22348038 10 1498737 49105593 512
22479108 10 1498737 49105609 512
22872322 10 1498737 49105609 512
22937857 10 1498737 49105609 512
23003392 10 1498737 49105609 512
23134464 10 6471182 49105609 512
23396605 10 6471182 49105609 512
23527676 10 6471182 49105625 512
23658747 10 6471182 49105625 512
23855353 10 6471182 49105625 512
23920889 10 6471182 49105625 512
23986424 10 6471182 49105625 512
24117495 10 6471182 49105625 512
24248565 10 6471182 49105625 512
24379637 10 6471182 49105625 512
24379635 10 6471182 49105640 512
24510706 10 6471182 49105640 512
24641777 10 6471182 49105640 512
24707312 10 6471182 49105640 512
24838383 10 6471182 49105640 512
25231593 10 6471182 49105640 512
25297129 10 6471182 49105640 512
25362664 10 6471182 49105656 512
25493734 10 6471182 49105656 512
25690340 10 6471182 49105656 512
25755875 10 6471182 49105656 512
25821410 10 6471182 49105656 512
26018016 10 6471182 49105656 512
26214623 10 6471182 49105656 512
26280158 10 6471182 49105671 512
26411228 10 6471182 49105671 512
26804441 10 6471182 49105671 512
26869976 10 6471182 49105671 512
27001048 10 6471182 49105671 512
27066583 10 16759319 49105671 512
27197654 10 16759319 49105671 512
27263189 10 16759319 49105687 512
27459797 10 16759319 49105687 512
27525332 10 16759319 49105687 512
27656403 10 16759319 49105687 512
27721939 10 16759319 49105687 512
27853011 10 16759319 49105687 512
27918547 10 16759319 49105703 512
27984083 10 16759319 49105703 512
28049619 10 16759319 49105703 512
28115156 10 16759319 49105703 512
28115157 10 16759319 49105718 512
28115158 10 16759319 49105718 512
28115159 10 16759319 49105718 512
28180695 10 16759319 49105718 512
28180696 10 16759319 49105718 512
28180697 10 16759319 49105718 512
28180698 10 16759319 49105734 512
28180699 10 16759319 49105734 512
28180700 10 16759319 49105734 512
28180701 10 16759319 49105734 512
28180703 10 14253376 49105734 512
28180704 10 14253376 49105734 512
28180705 10 14253376 49105750 512
28180708 10 14253376 49105750 512
28180710 10 14253376 49105750 512
28180711 10 14253376 49105750 512
28180712 10 14253376 49105750 512
28115177 10 14253376 49105750 512
28115180 10 14253376 49105765 512
28049646 10 14253376 49105765 512
28049647 10 14253376 49105765 512
27984114 10 14253376 49105765 512
27984115 10 14253376 49105765 512
27984116 10 14253376 49105765 512
27984117 10 14253376 49105765 512
27918584 10 14253376 49105781 512
27918586 10 14253376 49105781 512
27853051 10 14253376 49105781 512
27787516 10 14253376 49105781 512
27787518 10 14253376 49105781 512
27787519 10 14253376 49105781 512
27721984 10 14253376 49105781 512
27656451 10 14253376 49105796 512
27656452 10 14253376 49105796 512
27590918 10 14253376 49105796 512
27525383 10 14253376 49105796 512
27525384 10 14253376 49105796 512
27459849 10 10766755 49105796 512
27394314 10 10766755 49105812 512
27328780 10 10766755 49105812 512
27263245 10 10766755 49105812 512
27197709 10 10766755 49105812 512
27197710 10 10766755 49105812 512
27132174 10 10766755 49105812 512
27066640 10 10766755 49105828 512
27001104 10 10766755 49105828 512
26870032 10 10766755 49105828 512
26870034 10 10766755 49105828 512
26870034 10 10766755 49105828 514
23658784 10 3550702 49105968 513
23593248 10 3550702 49106000 512
23593249 10 2588671 49106000 512
23593250 10 2588671 49106000 512
23527714 10 2588671 49106000 512
23527715 10 2588671 49106000 512
23527716 10 2588671 49106000 512
23462181 10 2588671 49106000 512
23462182 10 2588671 49106015 512
23462183 10 2588671 49106015 512
23396647 10 2588671 49106015 512
23331112 10 2588671 49106015 512
23265578 10 2588671 49106015 512
23200043 10 2588671 49106015 512
23200044 10 2588671 49106031 512
23134509 10 2588671 49106031 512
23134511 10 2588671 49106031 512
23068975 10 2588671 49106031 512
23003441 10 2588671 49106031 512
23003442 10 2588671 49106031 512
22937908 10 2588671 49106031 512
22872373 10 2588671 49106046 512
22806839 10 2588671 49106046 512
22806840 10 2588671 49106046 512
22741305 10 2588671 49106046 512
22675770 10 2588671 49106046 512
22675771 10 2588671 49106046 512
22675772 10 2588671 49106046 512
22610236 10 2588671 49106062 512
22610237 10 62207 49106062 512
22479166 10 62207 49106062 512
22479167 10 62207 49106062 512
22413631 10 62207 49106062 512
22413632 10 62207 49106062 512
22348096 10 62207 49106062 512
22282562 10 62207 49106078 512
22151490 10 62207 49106078 512
22151491 10 62207 49106078 512
22020420 10 62207 49106078 512
21954884 10 62207 49106078 512
21889349 10 62207 49106078 512
21823814 10 62207 49106078 512
21627207 10 62207 49106093 512
21561672 10 62207 49106093 512
21496136 10 62207 49106093 512
21299529 10 62207 49106093 512
21233994 10 62207 49106093 512
21168459 10 62207 49106093 512
21037387 10 62207 49106093 512
20971852 10 62207 49106093 512
20840781 10 62207 49106109 512
20775245 10 62207 49106109 512
20644174 10 62207 49106109 512
20513103 10 62207 49106109 512
20447567 10 62207 49106109 512
20382032 10 62207 49106109 512
20316496 10 62207 49106109 512
20185425 10 62207 49106125 512
20119889 10 1498737 49106125 512
20054353 10 1498737 49106125 512
19988817 10 1498737 49106125 512
19988818 10 1498737 49106125 512
19923282 10 1498737 49106140 512
19988818 10 1498737 49106156 512
20054354 10 1498737 49106156 512
20119890 10 1498737 49106171 512
20316498 10 1498737 49106171 512
20447569 10 1498737 49106171 512
20644177 10 1498737 49106171 512
20775249 10 1498737 49106171 512
21037392 10 1498737 49106171 512
21234000 10 1498737 49106171 512
21430607 10 1498737 49106187 512
21889358 10 1498737 49106187 512
22217037 10 6471182 49106187 512
22413645 10 6471182 49106187 512
22937931 10 6471182 49106187 512
23069003 10 6471182 49106187 512
23396682 10 6471182 49106187 512
23658825 10 6471182 49106203 512
23855432 10 6471182 49106203 512
24117575 10 6471182 49106203 512
24510791 10 6471182 49106203 512
24838470 10 6471182 49106203 512
25428292 10 6471182 49106203 512
25559364 10 6471182 49106203 512
25821507 10 6471182 49106203 512
26149186 10 6471182 49106218 512
26804545 10 6471182 49106218 512
26870081 10 6471182 49106218 512
27197761 10 6471182 49106218 512
27590976 10 6471182 49106218 512
28115264 10 6471182 49106218 512
28180800 10 6471182 49106218 512
28442944 10 6471182 49106218 512
28705088 10 6471182 49106234 512
29163840 10 6471182 49106234 512
29229376 10 6471182 49106234 512
29425984 10 6471182 49106234 512
29622592 10 6471182 49106234 512
29819200 10 6471182 49106234 512
29950272 10 6471182 49106234 512
30081344 10 6471182 49106234 512
30212416 10 6471182 49106250 512
30277952 10 6471182 49106250 512
30474560 10 16759319 49106250 512
30540097 10 16759319 49106250 512
30671170 10 16759319 49106250 512
30671171 10 16759319 49106250 512
30736708 10 16759319 49106265 512
30736709 10 16759319 49106265 512
30736710 10 16759319 49106281 512
30736711 10 16759319 49106296 512
30736711 10 16759319 49106296 514
22282614 10 10766755 49106421 513
22217078 10 10766755 49106421 512
22217079 10 10766755 49106421 512
22151543 10 10766755 49106421 512
22217079 10 13217535 49106468 512
22348151 10 13217535 49106468 512
22479223 10 13217535 49106468 512
22610295 10 13217535 49106468 512
22806903 10 13217535 49106468 512
22937975 10 13217535 49106468 512
23134583 10 13217535 49106468 512
23331191 10 13217535 49106484 512
23658871 10 13217535 49106484 512
23724407 10 13217535 49106484 512
23921015 10 13217535 49106484 512
24117623 10 13217535 49106484 512
24379767 10 13217535 49106484 512
24576375 10 13217535 49106484 512
24904054 10 13217535 49106484 512
25166198 10 13217535 49106500 512
25821557 10 13217535 49106500 512
25887093 10 13217535 49106500 512
26214772 10 13217535 49106500 512
27197810 10 3550702 49106500 512
27263346 10 3550702 49106500 512
27722098 10 3550702 49106500 512
28770672 10 3550702 49106515 512
28901744 10 3550702 49106515 512
29294960 10 3550702 49106515 512
29622640 10 3550702 49106515 512
30212462 10 3550702 49106515 512
30343534 10 3550702 49106515 512
30671214 10 3550702 49106515 512
30933358 10 3550702 49106531 512
31195502 10 3550702 49106531 512
31392110 10 3550702 49106531 512
31588718 10 3550702 49106531 512
31785326 10 3550702 49106531 512
32113006 10 3550702 49106531 512
32178542 10 3550702 49106531 512
32309614 10 3550702 49106531 512
32440686 10 3550702 49106546 512
32571758 10 3550702 49106546 512
32637294 10 3550702 49106546 512
32702830 10 3550702 49106546 512
32833903 10 3550702 49106546 512
32964975 10 3550702 49106546 512
33030511 10 3550702 49106546 512
33161584 10 3550702 49106546 512
33227121 10 3550702 49106562 512
33292657 10 3550702 49106562 512
33358193 10 2588671 49106562 512
33423729 10 2588671 49106562 512
33423730 10 2588671 49106562 512
33489266 10 2588671 49106578 512
33489266 10 2588671 49106609 514
23658914 10 14253376 49106921 513
23658915 10 14253376 49106921 512
23593379 10 14253376 49106937 512
23593380 10 14253376 49106937 512
23593381 10 10766755 49106953 512
23527845 10 10766755 49106953 512
23527846 10 10766755 49106953 512
23462311 10 10766755 49106968 512
23462312 10 10766755 49106968 512
23396777 10 10766755 49106968 512
23396778 10 10766755 49106968 512
23331243 10 10766755 49106968 512
23331244 10 10766755 49106968 512
23265709 10 10766755 49106968 512
23265710 10 10766755 49106984 512
23200175 10 10766755 49106984 512
23200176 10 10766755 49106984 512
23134641 10 10766755 49106984 512
23134642 10 10766755 49106984 512
23134643 10 10766755 49106984 512
23003574 10 10766755 49106984 512
22938040 10 10766755 49107000 512
22938042 10 10766755 49107000 512
22872508 10 10766755 49107000 512
22806974 10 10766755 49107000 512
22806976 10 10766755 49107000 512
22741442 10 10766755 49107000 512
22675908 10 13217535 49107015 512
22675910 10 13217535 49107015 512
22610377 10 13217535 49107015 512
22544841 10 13217535 49107015 512
22544843 10 13217535 49107015 512
22479310 10 13217535 49107015 512
22479311 10 13217535 49107015 512
22479313 10 13217535 49107031 512
22413778 10 13217535 49107031 512
22413781 10 13217535 49107031 512
22348248 10 13217535 49107031 512
22348249 10 13217535 49107031 512
22282716 10 13217535 49107031 512
22282718 10 13217535 49107031 512
22217184 10 13217535 49107046 512
22217185 10 13217535 49107046 512
22217187 10 13217535 49107046 512
22217188 10 13217535 49107046 512
22217189 10 13217535 49107046 512
22217190 10 13217535 49107046 512
22217192 10 13217535 49107046 512
22151659 10 3550702 49107062 512
22151660 10 3550702 49107062 512
22151661 10 3550702 49107062 512
22151662 10 3550702 49107062 512
22151663 10 3550702 49107062 512
22151664 10 3550702 49107078 512
22151665 10 3550702 49107078 512
22086129 10 3550702 49107078 512
22086130 10 3550702 49107078 512
22086131 10 3550702 49107078 512
22086132 10 3550702 49107078 512
22020596 10 3550702 49107093 512
22020596 10 3550702 49107109 514
23003591 10 62207 49107250 513
23069126 10 1498737 49107250 512
23069126 10 1498737 49107250 514
23134661 10 1498737 49107250 513
23200196 10 1498737 49107250 512
23265732 10 1498737 49107265 512
23331267 10 1498737 49107265 512
23396803 10 1498737 49107265 512
23527874 10 1498737 49107265 512
23593409 10 1498737 49107265 512
23658945 10 1498737 49107281 512
23724481 10 1498737 49107281 512
23790016 10 1498737 49107281 512
23855551 10 1498737 49107281 512
23986623 10 1498737 49107281 512
24052159 10 1498737 49107281 512
24183231 10 1498737 49107281 512
24248766 10 1498737 49107281 512
24445373 10 1498737 49107296 512
24641981 10 1498737 49107296 512
24773052 10 1498737 49107296 512
24904124 10 1498737 49107296 512
24969659 10 1498737 49107296 512
25100731 10 1498737 49107296 512
25231803 10 1498737 49107312 512
25297339 10 1498737 49107312 512
25493947 10 6471182 49107312 512
25625019 10 6471182 49107312 512
25690555 10 6471182 49107328 512
25756091 10 6471182 49107328 512
25690555 10 16759319 49107375 512
25690556 10 16759319 49107375 512
25625020 10 16759319 49107390 512
25625021 10 16759319 49107390 512
25625021 10 16759319 49107390 514
23396834 10 14253376 49107484 513
23396835 10 14253376 49107484 512
23396836 10 14253376 49107484 512
23331300 10 14253376 49107484 512
23396836 10 10766755 49107515 512
23462372 10 10766755 49107515 512
23593444 10 10766755 49107531 512
23658980 10 10766755 49107531 512
23724516 10 10766755 49107531 512
23790052 10 10766755 49107531 512
23855588 10 10766755 49107531 512
23986660 10 10766755 49107546 512
24117732 10 10766755 49107546 512
24248804 10 10766755 49107546 512
24379876 10 10766755 49107546 512
24445412 10 10766755 49107546 512
24510948 10 10766755 49107546 512
24576484 10 10766755 49107562 512
24642020 10 10766755 49107562 512
24773092 10 10766755 49107562 512
24838627 10 10766755 49107562 512
25231842 10 13217535 49107562 512
25362913 10 13217535 49107578 512
25428449 10 13217535 49107578 512
25493984 10 13217535 49107578 512
25625056 10 13217535 49107578 512
25690592 10 13217535 49107578 512
25821662 10 13217535 49107578 512
25887198 10 13217535 49107578 512
25952734 10 13217535 49107578 512
26018269 10 13217535 49107593 512
26149340 10 13217535 49107593 512
26280412 10 13217535 49107593 512
26345947 10 13217535 49107593 512
26411482 10 13217535 49107593 512
26477017 10 13217535 49107593 512
26542552 10 13217535 49107593 512
26608087 10 13217535 49107609 512
26673622 10 13217535 49107609 512
26739158 10 13217535 49107609 512
26804692 10 13217535 49107609 512
26870227 10 13217535 49107609 512
26870226 10 13217535 49107609 512
26935761 10 13217535 49107609 512
27001295 10 13217535 49107625 512
27001294 10 13217535 49107625 512
27066829 10 13217535 49107625 512
27066828 10 13217535 49107625 512
27132358 10 3550702 49107640 512
27132357 10 3550702 49107640 512
27132354 10 3550702 49107640 512
27132352 10 3550702 49107640 512
27132350 10 3550702 49107640 512
27197884 10 3550702 49107640 512
27197882 10 3550702 49107656 512
27197880 10 3550702 49107656 512
27197878 10 3550702 49107656 512
27197878 10 3550702 49107656 514
26608013 10 2588671 49107718 513
26673549 10 2588671 49107718 512
26739085 10 2588671 49107734 512
26804621 10 2588671 49107734 512
26804622 10 2588671 49107734 512
26870158 10 2588671 49107734 512
26870159 10 2588671 49107750 512
26935696 10 2588671 49107750 512
26935697 10 2588671 49107750 512
26935698 10 2588671 49107750 512
26935700 10 62207 49107765 512
26935701 10 62207 49107765 512
26935702 10 62207 49107765 512
26935704 10 62207 49107765 512
26935705 10 62207 49107765 512
26935707 10 62207 49107765 512
26935709 10 62207 49107781 512
26935711 10 62207 49107781 512
26935713 10 62207 49107781 512
26935716 10 62207 49107781 512
26935718 10 62207 49107781 512
26935720 10 62207 49107781 512
26870186 10 62207 49107781 512
26804653 10 62207 49107796 512
26804654 10 62207 49107796 512
26739122 10 62207 49107796 512
26739124 10 62207 49107796 512
26739127 10 62207 49107796 512
26673593 10 62207 49107796 512
26608059 10 62207 49107796 512
26608062 10 62207 49107796 512
26542528 10 62207 49107812 512
26542531 10 62207 49107812 512
26542533 10 62207 49107812 512
26542536 10 62207 49107812 512
26477005 10 62207 49107812 512
26477006 10 62207 49107812 512
26477009 10 62207 49107812 512
26411481 10 1498737 49107828 512
26411483 10 1498737 49107828 512
26411486 10 1498737 49107828 512
26411490 10 1498737 49107828 512
26411491 10 1498737 49107828 512
26345958 10 1498737 49107828 512
26345960 10 1498737 49107828 512
26345962 10 1498737 49107843 512
26345964 10 1498737 49107843 512
26345967 10 1498737 49107843 512
26345969 10 1498737 49107843 512
26345971 10 1498737 49107843 512
26345973 10 1498737 49107843 512
26345975 10 1498737 49107843 512
26345976 10 1498737 49107859 512
26345980 10 1498737 49107859 512
26345981 10 1498737 49107859 512
26345982 10 1498737 49107859 512
26345984 10 1498737 49107859 512
26345986 10 1498737 49107859 512
26345987 10 1498737 49107859 512
26345989 10 1498737 49107875 512
26345990 10 1498737 49107875 512
26345991 10 1498737 49107875 512
26345993 10 1498737 49107875 512
26345994 10 1498737 49107875 512
26345994 10 1498737 49107875 514
25887251 10 16759319 49107984 513
25821716 10 16759319 49107984 512
25756181 10 16759319 49107984 512
25690645 10 16759319 49108000 512
25625110 10 14253376 49108000 512
25559575 10 14253376 49108000 512
25494040 10 14253376 49108000 512
25428504 10 14253376 49108015 512
25428505 10 14253376 49108015 512
25362969 10 14253376 49108015 512
25362970 10 14253376 49108015 512
25297434 10 14253376 49108015 512
25231899 10 14253376 49108015 512
25166363 10 14253376 49108031 512
25166364 10 14253376 49108031 512
25100828 10 14253376 49108031 512
25035293 10 14253376 49108031 512
24969758 10 14253376 49108031 512
24904223 10 14253376 49108031 512
24904224 10 14253376 49108031 512
24838688 10 14253376 49108046 512
24773153 10 14253376 49108046 512
24773154 10 14253376 49108046 512
24707619 10 14253376 49108046 512
24642084 10 14253376 49108046 512
24576549 10 14253376 49108046 512
24445478 10 14253376 49108046 512
24445479 10 14253376 49108062 512
24183339 10 10766755 49108062 512
24117804 10 10766755 49108062 512
23986733 10 10766755 49108062 512
23921198 10 10766755 49108062 512
23855663 10 10766755 49108078 512
23855664 10 10766755 49108078 512
23790129 10 10766755 49108078 512
23659058 10 10766755 49108078 512
23659059 10 10766755 49108078 512
23593523 10 10766755 49108078 512
23527988 10 10766755 49108078 512
23396917 10 10766755 49108078 512
23396918 10 10766755 49108093 512
23331382 10 10766755 49108093 512
23265847 10 10766755 49108093 512
23134776 10 10766755 49108093 512
23069242 10 10766755 49108093 512
22938170 10 10766755 49108093 512
22872635 10 10766755 49108093 512
22676028 10 10766755 49108109 512
22610494 10 10766755 49108109 512
22544959 10 10766755 49108109 512
22413887 10 10766755 49108109 512
22413887 10 10766755 49108109 514
21627462 10 13217535 49108156 513
21627463 10 13217535 49108171 512
21692999 10 3550702 49108218 512
21758535 10 3550702 49108234 512
21758536 10 3550702 49108234 512
21824072 10 3550702 49108234 512
22020682 10 2588671 49108250 512
22086218 10 2588671 49108250 512
22151755 10 2588671 49108250 512
22217291 10 2588671 49108250 512
22282827 10 2588671 49108250 512
22348364 10 2588671 49108265 512
22413900 10 2588671 49108265 512
22479436 10 2588671 49108265 512
22544973 10 2588671 49108265 512
22676045 10 2588671 49108265 512
22741582 10 2588671 49108265 512
22807118 10 2588671 49108281 512
23069263 10 2588671 49108281 512
23331407 10 2588671 49108281 512
23462480 10 2588671 49108281 512
23593552 10 2588671 49108296 512
23790161 10 2588671 49108296 512
23986770 10 2588671 49108296 512
24117842 10 2588671 49108296 512
24248915 10 2588671 49108296 512
24445524 10 2588671 49108296 512
24576596 10 2588671 49108296 512
24642133 10 2588671 49108312 512
24773205 10 2588671 49108312 512
25035351 10 2588671 49108312 512
25297495 10 62207 49108312 512
25494104 10 62207 49108312 512
25494105 10 62207 49108312 512
25625177 10 62207 49108328 512
25756249 10 62207 49108328 512
25952859 10 62207 49108328 512
26083932 10 62207 49108328 512
26149468 10 62207 49108328 512
26346076 10 62207 49108328 512
26411613 10 62207 49108328 512
26542686 10 62207 49108343 512
26739294 10 62207 49108343 512
26870367 10 62207 49108343 512
27001439 10 62207 49108343 512
27198047 10 62207 49108343 512
27329120 10 62207 49108343 512
27525729 10 62207 49108343 512
27591265 10 62207 49108343 512
27656801 10 62207 49108359 512
27722337 10 62207 49108359 512
27787873 10 62207 49108359 512
27853409 10 62207 49108359 512
27918945 10 62207 49108359 512
28050017 10 62207 49108359 512
28246626 10 62207 49108359 512
28312162 10 62207 49108359 512
28377698 10 62207 49108375 512
28508770 10 62207 49108375 512
28836451 10 1498737 49108375 512
29033060 10 1498737 49108375 512
29033061 10 1498737 49108390 512
29164133 10 1498737 49108390 512
29295206 10 1498737 49108390 512
29360742 10 1498737 49108390 512
29426279 10 1498737 49108390 512
29491815 10 1498737 49108390 512
29622888 10 1498737 49108390 512
29688425 10 1498737 49108406 512
29753961 10 1498737 49108406 512
29819498 10 1498737 49108406 512
29885034 10 1498737 49108421 512
29885035 10 1498737 49108421 512
29885035 10 6471182 49108437 514
21955218 10 10766755 49108656 513
21889682 10 10766755 49108656 512
21824146 10 10766755 49108656 512
21758610 10 10766755 49108656 512
21693074 10 10766755 49108671 512
21627538 10 10766755 49108671 512
21562002 10 10766755 49108671 512
21496467 10 10766755 49108671 512
21496468 10 10766755 49108671 512
21430932 10 10766755 49108687 512
21365396 10 10766755 49108687 512
21299862 10 10766755 49108687 512
21234326 10 10766755 49108687 512
21037721 10 13217535 49108703 512
20972185 10 13217535 49108703 512
20906650 10 13217535 49108703 512
20841115 10 13217535 49108703 512
20841116 10 13217535 49108703 512
20710045 10 13217535 49108703 512
20710046 10 13217535 49108703 512
20578977 10 13217535 49108703 512
20513443 10 13217535 49108718 512
20447908 10 13217535 49108718 512
20316838 10 13217535 49108718 512
20316839 10 13217535 49108718 512
20251304 10 13217535 49108718 512
20185769 10 13217535 49108718 512
20120236 10 13217535 49108718 512
20054702 10 13217535 49108734 512
19923632 10 13217535 49108734 512
19923634 10 13217535 49108734 512
19858098 10 13217535 49108734 512
19858100 10 13217535 49108734 512
19792565 10 13217535 49108734 512
19661496 10 13217535 49108734 512
19661497 10 13217535 49108750 512
19661498 10 13217535 49108750 512
19595963 10 13217535 49108750 512
19530430 10 13217535 49108750 512
19399363 10 3550702 49108765 512
19399364 10 3550702 49108765 512
19333828 10 3550702 49108765 512
19268294 10 3550702 49108765 512
19268295 10 3550702 49108765 512
19268296 10 3550702 49108765 512
19268297 10 3550702 49108781 512
19268298 10 3550702 49108781 512
19268299 10 3550702 49108781 512
19333835 10 3550702 49108812 512
19333836 10 3550702 49108812 512
19399372 10 3550702 49108812 512
19661516 10 2588671 49108828 512
19727052 10 2588671 49108828 512
19792588 10 2588671 49108828 512
19989196 10 2588671 49108828 512
20120268 10 2588671 49108828 512
20185804 10 2588671 49108828 512
20316876 10 2588671 49108843 512
20447948 10 2588671 49108843 512
20513484 10 2588671 49108843 512
20579019 10 2588671 49108843 512
20775625 10 2588671 49108843 512
20841161 10 2588671 49108843 512
20906697 10 2588671 49108843 512
21037768 10 2588671 49108859 512
21168839 10 2588671 49108859 512
21234375 10 2588671 49108859 512
21365445 10 2588671 49108859 512
21496516 10 2588671 49108859 512
21693123 10 2588671 49108859 512
21693122 10 2588671 49108859 512
21824194 10 2588671 49108859 512
22020801 10 2588671 49108875 512
22217407 10 2588671 49108875 512
22348478 10 2588671 49108875 512
22414013 10 2588671 49108875 512
22545085 10 2588671 49108875 512
22676156 10 2588671 49108875 512
23134906 10 62207 49108890 512
23200441 10 62207 49108890 512
23265977 10 62207 49108890 512
23462584 10 62207 49108890 512
23659192 10 62207 49108890 512
23855800 10 62207 49108906 512
23921336 10 62207 49108906 512
24052408 10 62207 49108906 512
24117944 10 62207 49108906 512
24183480 10 62207 49108906 512
24249016 10 62207 49108906 512
24314552 10 62207 49108921 512
24445624 10 62207 49108921 512
24511160 10 62207 49108921 512
24576696 10 62207 49108921 512
24642232 10 62207 49108921 512
24773304 10 62207 49108921 512
24838841 10 62207 49108921 512
24904377 10 62207 49108937 512
24969914 10 62207 49108937 512
25035450 10 62207 49108937 512
25035451 10 62207 49108937 512
25166523 10 62207 49108937 512
25166524 10 62207 49108937 512
25232060 10 62207 49108937 512
25363134 10 1498737 49108953 512
25428671 10 1498737 49108953 512
25428672 10 1498737 49108953 512
25559745 10 1498737 49108953 512
25625282 10 1498737 49108968 512
25690820 10 1498737 49108968 512
25690821 10 1498737 49108968 512
25756358 10 1498737 49108968 512
25756359 10 1498737 49108968 512
25821897 10 1498737 49108968 512
25821898 10 1498737 49108968 512
25887435 10 1498737 49108984 512
25887437 10 1498737 49108984 512
25887440 10 1498737 49108984 512
25952976 10 1498737 49108984 512
25952977 10 1498737 49108984 512
26018515 10 1498737 49108984 512
26018517 10 1498737 49108984 512
26084059 10 6471182 49109000 512
26084061 10 6471182 49109000 512
26084062 10 6471182 49109000 512
26084063 10 6471182 49109000 512
26084065 10 6471182 49109000 512
26084067 10 6471182 49109015 512
26084068 10 6471182 49109015 512
26084069 10 6471182 49109015 512
26084070 10 6471182 49109015 512
26018535 10 6471182 49109015 512
26018536 10 6471182 49109015 512
26018537 10 6471182 49109015 512
25953001 10 6471182 49109031 512
25887466 10 6471182 49109031 512
25821930 10 6471182 49109031 512
25756395 10 6471182 49109031 512
25690859 10 6471182 49109031 512
25690859 10 6471182 49109031 514
21758712 10 14253376 49109156 513
21758713 10 14253376 49109171 512
21758715 10 10766755 49109187 512
21693180 10 10766755 49109187 512
21693181 10 10766755 49109203 512
21627646 10 10766755 49109203 512
21627647 10 10766755 49109203 512
21562111 10 10766755 49109203 512
21562112 10 10766755 49109203 512
21562113 10 10766755 49109203 512
21496578 10 10766755 49109203 512
21431044 10 10766755 49109203 512
21431046 10 10766755 49109218 512
21299976 10 10766755 49109218 512
21299977 10 10766755 49109218 512
21299978 10 10766755 49109218 512
21168908 10 10766755 49109218 512
21103374 10 10766755 49109218 512
21103375 10 10766755 49109218 512
20972304 10 10766755 49109218 512
20972306 10 10766755 49109234 512
20841236 10 10766755 49109234 512
20841237 10 10766755 49109234 512
20710166 10 10766755 49109234 512
20644631 10 10766755 49109234 512
20513561 10 10766755 49109234 512
20448026 10 10766755 49109234 512
20054815 10 13217535 49109250 512
19989280 10 13217535 49109250 512
19792673 10 13217535 49109250 512
19792674 10 13217535 49109250 512
19727139 10 13217535 49109250 512
19596067 10 13217535 49109265 512
19464997 10 13217535 49109265 512
19399461 10 13217535 49109265 512
19333925 10 13217535 49109265 512
19333926 10 13217535 49109265 512
19202855 10 13217535 49109265 512
19071783 10 13217535 49109281 512
19071784 10 13217535 49109281 512
19006248 10 13217535 49109281 512
18940713 10 13217535 49109281 512
18940713 10 13217535 49109281 514
18809642 10 3550702 49109328 513
18875178 10 3550702 49109343 512
18940714 10 3550702 49109343 512
19006249 10 3550702 49109343 512
19071785 10 3550702 49109343 512
19137321 10 3550702 49109343 512
19268393 10 3550702 49109343 512
19333929 10 3550702 49109359 512
19333928 10 3550702 49109359 512
19465000 10 3550702 49109359 512
19596072 10 3550702 49109359 512
19661607 10 3550702 49109359 512
19792678 10 3550702 49109359 512
19989285 10 3550702 49109359 512
20120357 10 3550702 49109375 512
20251429 10 3550702 49109375 512
21037858 10 2588671 49109375 512
21300002 10 2588671 49109375 512
21365537 10 2588671 49109390 512
21562144 10 2588671 49109390 512
21758752 10 2588671 49109390 512
21889823 10 2588671 49109390 512
22020894 10 2588671 49109390 512
22151965 10 2588671 49109390 512
22348572 10 2588671 49109390 512
22479644 10 2588671 49109390 512
22741787 10 2588671 49109406 512
22807323 10 2588671 49109406 512
23003930 10 2588671 49109406 512
23331609 10 2588671 49109406 512
23462681 10 2588671 49109406 512
23659289 10 2588671 49109406 512
23855896 10 2588671 49109406 512
24118039 10 2588671 49109406 512
24249110 10 2588671 49109421 512
24445718 10 2588671 49109421 512
24642326 10 2588671 49109421 512
24970006 10 2588671 49109421 512
25363222 10 2588671 49109421 512
25559830 10 2588671 49109421 512
25690902 10 2588671 49109437 512
25821974 10 2588671 49109437 512
26346262 10 62207 49109437 512
26542870 10 62207 49109437 512
26673942 10 62207 49109437 512
26805014 10 62207 49109453 512
26870550 10 62207 49109453 512
27067158 10 62207 49109453 512
27132694 10 62207 49109453 512
27263766 10 62207 49109453 512
27329302 10 62207 49109468 512
27394838 10 62207 49109468 512
27460374 10 62207 49109468 512
27591446 10 62207 49109468 512
27656982 10 62207 49109468 512
27656982 10 62207 49109468 514
29164278 10 6471182 49109578 513
29295349 10 6471182 49109578 512
29295348 10 6471182 49109578 512
29360883 10 6471182 49109593 512
29426419 10 6471182 49109593 512
29491955 10 6471182 49109593 512
29491954 10 6471182 49109593 512
29557490 10 6471182 49109593 512
29623026 10 6471182 49109609 512
29688561 10 6471182 49109609 512
29754097 10 6471182 49109609 512
29819633 10 6471182 49109609 512
29885169 10 6471182 49109609 512
29950705 10 6471182 49109609 512
30016241 10 6471182 49109625 512
30081777 10 6471182 49109625 512
30147313 10 16759319 49109640 512
30278385 10 16759319 49109640 512
30278386 10 16759319 49109640 512
30343922 10 16759319 49109640 512
30409459 10 16759319 49109640 512
30474995 10 16759319 49109656 512
30540532 10 16759319 49109656 512
30540533 10 16759319 49109656 512
30606069 10 16759319 49109656 512
30671606 10 16759319 49109656 512
30671607 10 16759319 49109671 512
30737144 10 16759319 49109671 512
30802680 10 16759319 49109671 512
30802681 10 16759319 49109671 512
30868217 10 16759319 49109671 512
30933754 10 16759319 49109671 512
30933755 10 16759319 49109671 512
30999292 10 16759319 49109687 512
31064829 10 16759319 49109687 512
31130367 10 14253376 49109703 512
31130368 10 14253376 49109703 512
31130369 10 14253376 49109703 512
31130370 10 14253376 49109703 512
31130371 10 14253376 49109718 512
31130373 10 14253376 49109718 512
31130374 10 14253376 49109718 512
31130376 10 14253376 49109718 512
31130377 10 14253376 49109718 512
31064842 10 14253376 49109734 512
30999308 10 14253376 49109734 512
30933774 10 14253376 49109734 512
30933775 10 14253376 49109734 512
30868241 10 14253376 49109734 512
30802706 10 14253376 49109734 512
30737172 10 14253376 49109734 512
30671638 10 14253376 49109750 512
30606105 10 14253376 49109750 512
30606105 10 14253376 49109750 514
30343968 10 14253376 49109750 513
30212898 10 14253376 49109750 512
30147365 10 10766755 49109765 512
30147365 10 10766755 49109765 514
20120474 10 3550702 49109937 513
20120473 10 2588671 49109953 512
20251544 10 2588671 49109953 512
20317079 10 2588671 49109968 512
20382615 10 2588671 49109968 512
20579221 10 2588671 49109968 512
20710292 10 2588671 49109968 512
20775827 10 2588671 49109968 512
20972433 10 2588671 49109968 512
21103504 10 2588671 49109984 512
21234575 10 2588671 49109984 512
21365646 10 2588671 49109984 512
21693323 10 2588671 49109984 512
21955466 10 2588671 49109984 512
22152071 10 2588671 49109984 512
22217607 10 2588671 49109984 512
22414213 10 2588671 49110000 512
22610820 10 2588671 49110000 512
22938497 10 2588671 49110000 512
23004032 10 2588671 49110000 512
23200639 10 2588671 49110000 512
23397245 10 2588671 49110000 512
24511347 10 62207 49110015 512
24576882 10 62207 49110015 512
24707953 10 62207 49110015 512
24904559 10 62207 49110015 512
25101166 10 62207 49110015 512
25232236 10 62207 49110031 512
25363308 10 62207 49110031 512
25494378 10 62207 49110031 512
25887591 10 62207 49110031 512
25953126 10 62207 49110031 512
26084196 10 62207 49110031 512
26280802 10 62207 49110031 512
26346337 10 62207 49110046 512
26411872 10 62207 49110046 512
26542942 10 62207 49110046 512
26608478 10 62207 49110062 512
26608477 10 62207 49110062 512
26674012 10 62207 49110062 512
26674013 10 1498737 49110093 512
26608477 10 1498737 49110109 512
26608477 10 1498737 49110109 514
26280804 10 1498737 49110109 513
26215268 10 1498737 49110125 512
26149733 10 1498737 49110125 512
26084198 10 1498737 49110125 512
26084199 10 1498737 49110125 512
26018663 10 1498737 49110125 512
26018664 10 1498737 49110125 512
25953128 10 1498737 49110125 512
25953129 10 1498737 49110125 512
25822060 10 6471182 49110140 512
25690992 10 6471182 49110140 512
25625458 10 6471182 49110140 512
25625459 10 6471182 49110156 512
25559925 10 6471182 49110156 512
25494390 10 6471182 49110156 512
25494391 10 6471182 49110156 512
25494392 10 6471182 49110156 512
25428858 10 6471182 49110156 512
25428860 10 6471182 49110156 512
25363325 10 6471182 49110156 512
25363326 10 6471182 49110171 512
25363328 10 6471182 49110171 512
25363332 10 6471182 49110171 512
25363333 10 6471182 49110171 512
25297799 10 6471182 49110171 512
25297800 10 6471182 49110171 512
25297801 10 6471182 49110171 512
25297807 10 16759319 49110187 512
25297810 10 16759319 49110187 512
25297811 10 16759319 49110187 512
25297812 10 16759319 49110187 512
25297814 10 16759319 49110203 512
25297817 10 16759319 49110203 512
25297819 10 16759319 49110203 512
25363357 10 16759319 49110203 512
25363359 10 16759319 49110203 512
25428898 10 16759319 49110203 512
25428900 10 16759319 49110203 512
25494439 10 16759319 49110218 512
25559979 10 16759319 49110218 512
25625516 10 16759319 49110218 512
25625518 10 16759319 49110218 512
25625521 10 16759319 49110218 512
25756596 10 16759319 49110218 512
25822138 10 16759319 49110234 512
25887676 10 16759319 49110234 512
25953214 10 16759319 49110234 512
26018752 10 16759319 49110234 512
26018753 10 16759319 49110234 512
26084291 10 16759319 49110234 512
26084292 10 16759319 49110234 512
26149829 10 16759319 49110234 512
26149830 10 14253376 49110250 512
26149830 10 14253376 49110250 514
30802795 10 13217535 49110375 513
30868328 10 13217535 49110375 512
30933862 10 13217535 49110375 512
30999397 10 13217535 49110375 512
30999396 10 13217535 49110390 512
31064931 10 13217535 49110390 512
31064932 10 13217535 49110421 512
31064933 10 13217535 49110421 512
31064934 10 13217535 49110437 512
31064937 10 3550702 49110437 512
31064938 10 3550702 49110453 512
30999403 10 3550702 49110453 512
30933868 10 3550702 49110453 512
30933869 10 3550702 49110453 512
30933870 10 3550702 49110453 512
30868335 10 3550702 49110453 512
30868337 10 3550702 49110453 512
30802803 10 3550702 49110453 512
30802804 10 3550702 49110468 512
30671736 10 3550702 49110468 512
30671737 10 3550702 49110468 512
30606202 10 3550702 49110468 512
30606205 10 3550702 49110468 512
30475137 10 3550702 49110468 512
30475138 10 3550702 49110468 512
30409605 10 3550702 49110468 512
30409607 10 3550702 49110468 512
30344073 10 3550702 49110484 512
30278540 10 3550702 49110484 512
30213007 10 3550702 49110484 512
30147474 10 3550702 49110484 512
30081944 10 3550702 49110484 512
30081946 10 3550702 49110484 512
30016413 10 3550702 49110484 512
29950880 10 3550702 49110500 512
29819813 10 3550702 49110500 512
29819815 10 3550702 49110500 512
29492154 10 2588671 49110500 512
29426622 10 2588671 49110515 512
29361092 10 2588671 49110515 512
29361094 10 2588671 49110515 512
29295561 10 2588671 49110515 512
29230029 10 2588671 49110515 512
29164498 10 2588671 49110515 512
29098965 10 2588671 49110515 512
29098968 10 2588671 49110515 512
29098968 10 2588671 49110515 514
