70 140 660 1280
19005625 10 16759319 48762718 513
19005626 10 16759319 48762718 512
18940090 10 16759319 48762718 512
18940091 10 16759319 48762734 512
18874555 10 16759319 48762734 512
18874556 10 16759319 48762734 512
18809020 10 16759319 48762734 512
18743485 10 16759319 48762734 512
18743486 10 16759319 48762750 512
18677951 10 16759319 48762750 512
18612417 10 16759319 48762750 512
18546883 10 16759319 48762750 512
18546884 10 16759319 48762750 512
18481349 10 16759319 48762750 512
18415814 10 16759319 48762765 512
18415815 10 16759319 48762765 512
18415816 10 16759319 48762765 512
18284745 10 16759319 48762765 512
18284746 10 16759319 48762765 512
18284747 10 16759319 48762765 512
18219212 10 16759319 48762765 512
18153679 10 16759319 48762781 512
18153680 10 16759319 48762781 512
18153682 10 16759319 48762781 512
18088147 10 16759319 48762781 512
18022612 10 16759319 48762781 512
18022613 10 16759319 48762781 512
18022614 10 16759319 48762781 512
17957080 10 16759319 48762796 512
17891545 10 16759319 48762796 512
17891546 10 16759319 48762796 512
17891547 10 16759319 48762796 512
17891548 10 16759319 48762796 512
17826012 10 16759319 48762796 512
17826013 10 16759319 48762812 512
17826014 10 16759319 48762812 512
17826015 10 16759319 48762812 512
17826016 10 16759319 48762812 512
17826017 10 16759319 48762812 512
17826018 10 16759319 48762828 512
17826019 10 16759319 48762828 512
17826020 10 16759319 48762828 512
17826021 10 16759319 48762843 512
17826022 10 16759319 48762843 512
17826023 10 16759319 48762859 512
17826024 10 16759319 48762859 512
17891560 10 16759319 48762859 512
17891561 10 16759319 48762859 512
17957098 10 16759319 48762875 512
17957099 10 16759319 48762875 512
18022635 10 16759319 48762875 512
18022636 10 16759319 48762875 512
18022637 10 16759319 48762890 512
18088173 10 16759319 48762890 512
18088174 10 16759319 48762890 512
18153710 10 16759319 48762890 512
18153711 10 16759319 48762890 512
18219247 10 16759319 48762890 512
18284783 10 16759319 48762906 512
18284784 10 16759319 48762906 512
18350320 10 16759319 48762921 512
18415856 10 16759319 48762921 512
18481392 10 16759319 48762921 512
18546928 10 16759319 48762937 512
18612464 10 16759319 48762937 512
18678000 10 16759319 48762937 512
18743535 10 16759319 48762937 512
18809070 10 16759319 48762953 512
18874606 10 16759319 48762953 512
18940141 10 16759319 48762953 512
19005677 10 16759319 48762953 512
19136747 10 16759319 48762953 512
19267819 10 16759319 48762968 512
19267818 10 16759319 48762968 512
19398889 10 16759319 48762968 512
19464424 10 16759319 48762968 512
19529959 10 16759319 48762968 512
19595495 10 16759319 48762968 512
19792100 10 16759319 48762968 512
19857635 10 16759319 48762984 512
19923171 10 16759319 48762984 512
20054241 10 16759319 48762984 512
20119777 10 16759319 48762984 512
20185312 10 16759319 48762984 512
20250847 10 16759319 48762984 512
20381918 10 16759319 48762984 512
20447453 10 16759319 48762984 512
20512987 10 16759319 48763000 512
20644058 10 16759319 48763000 512
20775128 10 16759319 48763000 512
20840664 10 16759319 48763000 512
21037269 10 16759319 48763000 512
21102802 10 16759319 48763000 512
21168338 10 16759319 48763000 512
21233873 10 16759319 48763015 512
21299408 10 16759319 48763015 512
21364943 10 16759319 48763015 512
21364942 10 16759319 48763015 512
21430477 10 16759319 48763015 512
21496012 10 16759319 48763015 512
21496011 10 16759319 48763015 512
21561546 10 16759319 48763015 512
21627081 10 16759319 48763031 512
21692616 10 16759319 48763031 512
21758152 10 16759319 48763031 512
21758151 10 16759319 48763031 512
21758150 10 16759319 48763031 512
21823686 10 16759319 48763046 512
21889221 10 16759319 48763046 512
21954757 10 16759319 48763046 512
22020292 10 16759319 48763046 512
22085828 10 16759319 48763062 512
22151364 10 16759319 48763062 512
22216900 10 16759319 48763078 512
22282436 10 16759319 48763078 512
22347972 10 16759319 48763093 512
22413508 10 16759319 48763093 512
22479044 10 16759319 48763093 512
22544580 10 16759319 48763093 512
22610116 10 16759319 48763109 512
22610117 10 16759319 48763109 512
22741189 10 16759319 48763109 512
22806725 10 16759319 48763125 512
22806726 10 16759319 48763125 512
22872262 10 16759319 48763125 512
22937799 10 16759319 48763125 512
23003335 10 16759319 48763125 512
23003336 10 16759319 48763140 512
23068872 10 16759319 48763140 512
23134409 10 16759319 48763140 512
23199945 10 16759319 48763140 512
23199946 10 16759319 48763140 512
23199947 10 16759319 48763156 512
23265483 10 16759319 48763156 512
23265484 10 16759319 48763156 512
23331020 10 16759319 48763156 512
23331021 10 16759319 48763156 512
23331022 10 16759319 48763156 512
23396559 10 16759319 48763171 512
23396560 10 16759319 48763171 512
23462097 10 16759319 48763171 512
23462098 10 16759319 48763171 512
23462099 10 16759319 48763187 512
23462100 10 16759319 48763187 512
23462101 10 16759319 48763187 512
23462102 10 16759319 48763187 512
23462103 10 16759319 48763187 512
23462104 10 16759319 48763203 512
23462105 10 16759319 48763203 512
23462106 10 16759319 48763203 512
23462107 10 16759319 48763203 512
23462109 10 16759319 48763203 512
23462110 10 16759319 48763203 512
23462112 10 16759319 48763218 512
23462113 10 16759319 48763218 512
23462114 10 16759319 48763218 512
23462115 10 16759319 48763218 512
23462117 10 16759319 48763218 512
23396582 10 16759319 48763218 512
23396583 10 16759319 48763234 512
23396584 10 16759319 48763234 512
23396585 10 16759319 48763234 512
23331050 10 16759319 48763234 512
23331051 10 16759319 48763234 512
23265516 10 16759319 48763234 512
23265517 10 16759319 48763234 512
23265518 10 16759319 48763250 512
23199983 10 16759319 48763250 512
23199984 10 16759319 48763250 512
23134450 10 16759319 48763250 512
23068916 10 16759319 48763265 512
23068917 10 16759319 48763265 512
23003381 10 16759319 48763265 512
23003382 10 16759319 48763265 512
22937846 10 16759319 48763265 512
22937847 10 16759319 48763281 512
22937847 10 16759319 48763281 514
20906243 10 16759319 48763406 513
20906244 10 16759319 48763406 512
20840708 10 16759319 48763421 512
20840709 10 16759319 48763421 512
20840710 10 16759319 48763421 512
20775175 10 16759319 48763437 512
20709640 10 16759319 48763437 512
20709641 10 16759319 48763437 512
20709642 10 16759319 48763437 512
20709643 10 16759319 48763437 512
20644108 10 16759319 48763437 512
20644109 10 16759319 48763453 512
20578574 10 16759319 48763453 512
20578575 10 16759319 48763453 512
20578576 10 16759319 48763453 512
20513042 10 16759319 48763453 512
20513043 10 16759319 48763453 512
20513045 10 16759319 48763453 512
20513046 10 16759319 48763468 512
20513047 10 16759319 48763468 512
20513049 10 16759319 48763468 512
20513050 10 16759319 48763468 512
20513051 10 16759319 48763468 512
20513053 10 16759319 48763468 512
20513054 10 16759319 48763468 512
20513056 10 16759319 48763484 512
20513057 10 16759319 48763484 512
20513058 10 16759319 48763484 512
20513059 10 16759319 48763484 512
20513060 10 16759319 48763484 512
20513061 10 16759319 48763500 512
20513062 10 16759319 48763500 512
20513063 10 16759319 48763500 512
20513064 10 16759319 48763500 512
20513065 10 16759319 48763500 512
20513066 10 16759319 48763515 512
20447530 10 16759319 48763515 512
20447531 10 16759319 48763515 512
20381995 10 16759319 48763515 512
20381996 10 16759319 48763531 512
20316460 10 16759319 48763531 512
20316461 10 16759319 48763531 512
20316462 10 16759319 48763531 512
20250926 10 16759319 48763546 512
20185390 10 16759319 48763546 512
20119855 10 16759319 48763546 512
20054319 10 16759319 48763546 512
20054320 10 16759319 48763546 512
19988784 10 16759319 48763546 512
19923248 10 16759319 48763546 512
19792177 10 16759319 48763562 512
19792177 10 16759319 48763562 514
19726642 10 16759319 48763562 513
19661106 10 16759319 48763562 512
19595570 10 16759319 48763562 512
19530034 10 16759319 48763562 512
19333428 10 16759319 48763578 512
19333428 10 16759319 48763578 514
18022714 10 16759319 48763656 513
18088250 10 16759319 48763656 512
18153786 10 16759319 48763671 512
18219322 10 16759319 48763671 512
18284858 10 16759319 48763671 512
18415930 10 16759319 48763671 512
18678073 10 16759319 48763671 512
18940217 10 16759319 48763671 512
19005753 10 16759319 48763671 512
19136825 10 16759319 48763687 512
19333432 10 16759319 48763687 512
19726647 10 16759319 48763687 512
19792183 10 16759319 48763687 512
20054326 10 16759319 48763687 512
20382005 10 16759319 48763687 512
20578613 10 16759319 48763687 512
20840757 10 16759319 48763687 512
21102901 10 16759319 48763703 512
21365045 10 16759319 48763703 512
21889332 10 16759319 48763703 512
22020404 10 16759319 48763703 512
22217012 10 16759319 48763703 512
22479156 10 16759319 48763703 512
22675764 10 16759319 48763703 512
22937907 10 16759319 48763703 512
23134515 10 16759319 48763718 512
23396659 10 16759319 48763718 512
23789875 10 16759319 48763718 512
23920947 10 16759319 48763718 512
24052019 10 16759319 48763718 512
24248627 10 16759319 48763718 512
24576307 10 16759319 48763718 512
24641843 10 16759319 48763718 512
24772915 10 16759319 48763734 512
24903987 10 16759319 48763734 512
25100596 10 16759319 48763734 512
25231669 10 16759319 48763734 512
25362741 10 16759319 48763734 512
25428278 10 16759319 48763734 512
25493814 10 16759319 48763734 512
25559351 10 16759319 48763750 512
25690423 10 16759319 48763750 512
25690424 10 16759319 48763750 512
25755960 10 16759319 48763750 512
25821496 10 16759319 48763750 512
25821497 10 16759319 48763765 512
25887033 10 16759319 48763765 512
25887034 10 16759319 48763765 512
25821498 10 16759319 48763781 512
25755962 10 16759319 48763796 512
25755962 10 16759319 48763796 514
18874728 10 16759319 48763890 513
18940264 10 16759319 48763921 512
19005800 10 16759319 48763921 512
19071336 10 16759319 48763921 512
19136872 10 16759319 48763937 512
19202408 10 16759319 48763937 512
19267944 10 16759319 48763937 512
19333480 10 16759319 48763937 512
19399016 10 16759319 48763937 512
19595624 10 16759319 48763937 512
19726696 10 16759319 48763937 512
19923304 10 16759319 48763953 512
20185448 10 16759319 48763953 512
20250984 10 16759319 48763953 512
20382056 10 16759319 48763953 512
20578663 10 16759319 48763953 512
20775271 10 16759319 48763953 512
20906343 10 16759319 48763953 512
21102951 10 16759319 48763953 512
21299559 10 16759319 48763968 512
21561703 10 16759319 48763968 512
21692775 10 16759319 48763968 512
21889383 10 16759319 48763968 512
22151527 10 16759319 48763968 512
22479207 10 16759319 48763968 512
22544743 10 16759319 48763968 512
22741351 10 16759319 48763968 512
22937959 10 16759319 48763984 512
23396711 10 16759319 48763984 512
23462247 10 16759319 48763984 512
23658855 10 16759319 48763984 512
23855463 10 16759319 48763984 512
24117607 10 16759319 48763984 512
24183143 10 16759319 48763984 512
24379751 10 16759319 48764000 512
24510823 10 16759319 48764000 512
24641895 10 16759319 48764000 512
24772967 10 16759319 48764000 512
24838503 10 16759319 48764000 512
24969575 10 16759319 48764000 512
25035111 10 16759319 48764000 512
25100647 10 16759319 48764000 512
25166184 10 16759319 48764015 512
25297256 10 16759319 48764015 512
25362793 10 16759319 48764015 512
25428329 10 16759319 48764015 512
25493865 10 16759319 48764015 512
25559401 10 16759319 48764015 512
25624937 10 16759319 48764031 512
25690473 10 16759319 48764031 512
25690474 10 16759319 48764031 512
25690474 10 16759319 48764062 514
18612646 10 2588671 48766375 513
18612647 10 2588671 48766390 512
18612650 10 62207 48766406 512
18612651 10 62207 48766406 512
18547117 10 62207 48766406 512
18547118 10 62207 48766406 512
18547119 10 62207 48766406 512
18547120 10 62207 48766406 512
18481587 10 62207 48766406 512
18416053 10 62207 48766421 512
18416055 10 62207 48766421 512
18416057 10 62207 48766421 512
18350522 10 62207 48766421 512
18350525 10 62207 48766421 512
18284991 10 62207 48766421 512
18284993 10 62207 48766421 512
18219461 10 62207 48766421 512
18219462 10 62207 48766437 512
18219465 10 62207 48766437 512
18153932 10 62207 48766437 512
18088400 10 62207 48766437 512
18088401 10 62207 48766437 512
18022868 10 62207 48766437 512
17957337 10 62207 48766437 512
17957341 10 62207 48766453 512
17957345 10 1498737 48766453 512
17891812 10 1498737 48766453 512
17826282 10 1498737 48766453 512
17826283 10 1498737 48766453 512
17826285 10 1498737 48766453 512
17826288 10 1498737 48766453 512
17760755 10 1498737 48766468 512
17760757 10 1498737 48766468 512
17760760 10 1498737 48766468 512
17760762 10 1498737 48766468 512
17760765 10 1498737 48766468 512
17760766 10 1498737 48766468 512
17760767 10 1498737 48766468 512
17760769 10 1498737 48766468 512
17760772 10 1498737 48766484 512
17760773 10 1498737 48766484 512
17760774 10 1498737 48766484 512
17760775 10 1498737 48766484 512
17760776 10 1498737 48766484 512
17760777 10 1498737 48766500 512
17760777 10 1498737 48766500 514
17760777 10 1498737 48766500 513
17760778 10 1498737 48766500 512
17760778 10 1498737 48766500 514
18022890 10 16759319 48766609 513
18022889 10 16759319 48766609 512
18153959 10 16759319 48766609 512
18219494 10 16759319 48766609 512
18285028 10 16759319 48766609 512
18285027 10 16759319 48766609 512
18350562 10 16759319 48766625 512
18350561 10 16759319 48766625 512
18481631 10 16759319 48766625 512
18547165 10 16759319 48766625 512
18612700 10 16759319 48766625 512
18612699 10 16759319 48766625 512
18678234 10 16759319 48766625 512
18743769 10 16759319 48766640 512
18809302 10 14253376 48766640 512
18809301 10 14253376 48766640 512
18874836 10 14253376 48766640 512
18940371 10 14253376 48766640 512
18940370 10 14253376 48766656 512
19005906 10 14253376 48766656 512
19005905 10 14253376 48766656 512
19071441 10 14253376 48766656 512
19071440 10 14253376 48766671 512
19136975 10 14253376 48766671 512
19202511 10 14253376 48766671 512
19268046 10 14253376 48766671 512
19333582 10 14253376 48766671 512
19399118 10 14253376 48766687 512
19464654 10 14253376 48766687 512
19530190 10 14253376 48766687 512
19530189 10 14253376 48766687 512
19661261 10 14253376 48766687 512
19792333 10 14253376 48766687 512
19923405 10 14253376 48766703 512
20120012 10 10766755 48766703 512
20185548 10 10766755 48766703 512
20251084 10 10766755 48766703 512
20382156 10 10766755 48766703 512
20447692 10 10766755 48766703 512
20578764 10 10766755 48766718 512
20709836 10 10766755 48766718 512
20775372 10 10766755 48766718 512
20971980 10 10766755 48766718 512
21103052 10 10766755 48766718 512
21168587 10 10766755 48766718 512
21365195 10 10766755 48766718 512
21430731 10 10766755 48766734 512
21627339 10 10766755 48766734 512
21692875 10 10766755 48766734 512
21823947 10 10766755 48766734 512
21889483 10 10766755 48766734 512
21955019 10 10766755 48766734 512
22020555 10 10766755 48766750 512
22086091 10 10766755 48766750 512
22151626 10 10766755 48766750 512
22217162 10 10766755 48766750 512
22282698 10 10766755 48766750 512
22348234 10 13217535 48766765 512
22348234 10 13217535 48766812 514
17564144 10 2588671 48766921 513
17629680 10 62207 48766953 512
17695216 10 62207 48766953 512
17760752 10 62207 48766968 512
17826289 10 62207 48766968 512
17891825 10 62207 48766968 512
17957361 10 62207 48766968 512
18022897 10 62207 48766968 512
18088433 10 62207 48766968 512
18153969 10 62207 48766984 512
18219505 10 62207 48766984 512
18285041 10 62207 48766984 512
18350577 10 62207 48766984 512
18416113 10 62207 48766984 512
18481649 10 62207 48766984 512
18612721 10 62207 48766984 512
18678257 10 62207 48767000 512
18809329 10 62207 48767000 512
18874865 10 62207 48767000 512
18940401 10 62207 48767000 512
19005937 10 62207 48767000 512
19137009 10 62207 48767000 512
19202545 10 62207 48767015 512
19333617 10 62207 48767015 512
19399153 10 62207 48767015 512
19464689 10 62207 48767015 512
19595761 10 1498737 48767015 512
19726833 10 1498737 48767031 512
19792369 10 1498737 48767031 512
19857905 10 1498737 48767031 512
19923440 10 1498737 48767031 512
20054512 10 1498737 48767031 512
20120048 10 1498737 48767046 512
20251119 10 1498737 48767046 512
20316655 10 1498737 48767046 512
20382191 10 1498737 48767062 512
20382190 10 1498737 48767062 512
20447726 10 1498737 48767062 512
20513262 10 1498737 48767062 512
20578797 10 1498737 48767078 512
20644333 10 6471182 48767078 512
20644332 10 6471182 48767078 512
20644332 10 6471182 48767093 514
21692847 10 14253376 48767250 513
21692848 10 14253376 48767265 512
21692849 10 14253376 48767265 512
21692850 10 14253376 48767265 512
21692851 10 10766755 48767281 512
21627315 10 10766755 48767281 512
21627316 10 10766755 48767281 512
21627317 10 10766755 48767281 512
21627318 10 10766755 48767281 512
21561783 10 10766755 48767281 512
21561784 10 10766755 48767281 512
21561785 10 10766755 48767296 512
21561786 10 10766755 48767296 512
21496252 10 10766755 48767296 512
21430717 10 10766755 48767296 512
21430718 10 10766755 48767296 512
21365185 10 10766755 48767296 512
21365187 10 10766755 48767296 512
21365188 10 10766755 48767296 512
21365190 10 10766755 48767312 512
21365192 10 10766755 48767312 512
21299658 10 10766755 48767312 512
21299660 10 10766755 48767312 512
21299661 10 10766755 48767312 512
21299663 10 10766755 48767312 512
21234131 10 10766755 48767312 512
21234132 10 10766755 48767312 512
21234134 10 10766755 48767328 512
21168600 10 10766755 48767328 512
21168603 10 10766755 48767328 512
21168604 10 10766755 48767328 512
21168606 10 10766755 48767328 512
21168608 10 10766755 48767328 512
21168610 10 10766755 48767328 512
21168613 10 13217535 48767343 512
21103079 10 13217535 48767343 512
21103082 10 13217535 48767343 512
21103083 10 13217535 48767343 512
21103085 10 13217535 48767343 512
21103087 10 13217535 48767343 512
21103089 10 13217535 48767359 512
21103090 10 13217535 48767359 512
21037556 10 13217535 48767359 512
21037557 10 13217535 48767359 512
20972022 10 13217535 48767359 512
20972023 10 13217535 48767359 512
20972025 10 13217535 48767359 512
20972026 10 13217535 48767375 512
20906492 10 13217535 48767375 512
20840958 10 13217535 48767375 512
20840960 10 13217535 48767375 512
20840961 10 13217535 48767375 512
20840962 10 13217535 48767390 512
20775426 10 13217535 48767390 512
20775427 10 13217535 48767390 512
20775428 10 13217535 48767390 512
20709892 10 13217535 48767390 512
20709893 10 13217535 48767390 512
20709894 10 13217535 48767390 512
20709895 10 3550702 48767406 512
20644360 10 3550702 48767406 512
20644361 10 3550702 48767406 512
20644362 10 3550702 48767406 512
20644363 10 3550702 48767421 512
20644364 10 3550702 48767421 512
20644365 10 3550702 48767421 512
20578829 10 3550702 48767421 512
20578829 10 3550702 48767421 514
19333667 10 1498737 48767578 513
19333668 10 1498737 48767578 512
19268132 10 1498737 48767578 512
19268133 10 1498737 48767593 512
19202597 10 1498737 48767609 512
19202598 10 1498737 48767625 512
19137062 10 1498737 48767625 512
19137063 10 1498737 48767625 512
19071528 10 6471182 48767640 512
19005993 10 6471182 48767640 512
19005994 10 6471182 48767656 512
18940459 10 6471182 48767656 512
18940460 10 6471182 48767656 512
18874924 10 6471182 48767656 512
18809389 10 6471182 48767656 512
18809390 10 6471182 48767656 512
18809391 10 6471182 48767671 512
18743855 10 6471182 48767671 512
18743856 10 6471182 48767671 512
18678321 10 6471182 48767671 512
18612786 10 6471182 48767671 512
18612787 10 6471182 48767687 512
18547251 10 6471182 48767687 512
18547253 10 6471182 48767687 512
18416182 10 6471182 48767687 512
18350647 10 6471182 48767687 512
18285112 10 6471182 48767687 512
18154041 10 6471182 48767687 512
18088506 10 6471182 48767703 512
17891900 10 16759319 48767703 512
17826366 10 16759319 48767703 512
17760831 10 16759319 48767703 512
17695295 10 16759319 48767703 512
17695296 10 16759319 48767718 512
17629760 10 16759319 48767718 512
17564225 10 16759319 48767718 512
17498689 10 16759319 48767718 512
17498690 10 16759319 48767718 512
17498690 10 16759319 48767718 514
17367618 10 16759319 48767734 513
17367619 10 16759319 48767734 512
17302083 10 16759319 48767734 512
17236547 10 16759319 48767734 512
17236547 10 16759319 48767734 514
16187975 10 10766755 48767828 513
16253511 10 10766755 48767843 512
16319047 10 10766755 48767843 512
16384583 10 10766755 48767843 512
16450119 10 10766755 48767843 512
16515654 10 10766755 48767843 512
16581189 10 10766755 48767843 512
16646725 10 10766755 48767843 512
16712261 10 10766755 48767859 512
16908868 10 10766755 48767859 512
16974403 10 10766755 48767859 512
17171011 10 10766755 48767859 512
17367619 10 10766755 48767859 512
17367618 10 10766755 48767859 512
17433154 10 10766755 48767859 512
17629761 10 10766755 48767875 512
17695297 10 10766755 48767875 512
17826368 10 10766755 48767875 512
17957439 10 10766755 48767875 512
18154046 10 10766755 48767875 512
18547262 10 10766755 48767875 512
18612798 10 10766755 48767875 512
18743869 10 10766755 48767875 512
19071548 10 10766755 48767890 512
19595834 10 10766755 48767890 512
20382262 10 13217535 48767890 512
20447798 10 13217535 48767890 512
20644406 10 13217535 48767890 512
20906549 10 13217535 48767906 512
21299765 10 13217535 48767906 512
21365300 10 13217535 48767906 512
21627444 10 13217535 48767906 512
21824052 10 13217535 48767906 512
22020660 10 13217535 48767906 512
22217268 10 13217535 48767906 512
22413876 10 13217535 48767906 512
22610484 10 13217535 48767921 512
22872628 10 13217535 48767921 512
23003700 10 13217535 48767921 512
23134772 10 13217535 48767921 512
23200308 10 13217535 48767921 512
23396916 10 13217535 48767921 512
23462453 10 13217535 48767921 512
23593525 10 13217535 48767921 512
23724598 10 13217535 48767937 512
23790134 10 13217535 48767937 512
23855670 10 13217535 48767937 512
23986742 10 13217535 48767937 512
24117814 10 13217535 48767937 512
24183351 10 13217535 48767937 512
24248887 10 13217535 48767937 512
24314424 10 13217535 48767953 512
24379960 10 13217535 48767953 512
24445496 10 13217535 48767953 512
24642105 10 3550702 48767953 512
24707641 10 3550702 48767953 512
24773177 10 3550702 48767968 512
24838714 10 3550702 48767968 512
24904250 10 3550702 48767968 512
24969786 10 3550702 48767968 512
24969786 10 3550702 48768015 514
16581244 10 16759319 48768281 513
16515708 10 16759319 48768312 512
16515709 10 16759319 48768312 512
16515710 10 16759319 48768328 512
16515711 10 16759319 48768328 512
16450176 10 14253376 48768343 512
16384640 10 14253376 48768343 512
16384641 10 14253376 48768343 512
16384643 10 14253376 48768343 512
16384644 10 14253376 48768359 512
16319110 10 14253376 48768359 512
16319111 10 14253376 48768359 512
16319112 10 14253376 48768359 512
16319113 10 14253376 48768359 512
16319114 10 14253376 48768359 512
16319116 10 14253376 48768375 512
16319117 10 14253376 48768375 512
16319118 10 14253376 48768375 512
16319119 10 14253376 48768375 512
16319120 10 14253376 48768375 512
16319121 10 14253376 48768375 512
16319124 10 10766755 48768390 512
16319125 10 10766755 48768390 512
16319126 10 10766755 48768390 512
16319127 10 10766755 48768390 512
16319128 10 10766755 48768390 512
16319129 10 10766755 48768390 512
16319130 10 10766755 48768406 512
16319131 10 10766755 48768406 512
16319132 10 10766755 48768406 512
16319133 10 10766755 48768406 512
16319134 10 10766755 48768406 512
16319135 10 10766755 48768421 512
16384671 10 13217535 48768453 512
16515743 10 13217535 48768453 512
16581278 10 13217535 48768453 512
16646814 10 13217535 48768468 512
16646813 10 13217535 48768468 512
16712349 10 13217535 48768468 512
16843420 10 13217535 48768468 512
16843419 10 13217535 48768468 512
16908955 10 13217535 48768468 512
17040026 10 13217535 48768468 512
17236633 10 13217535 48768484 512
17367704 10 13217535 48768484 512
17433240 10 13217535 48768484 512
17564311 10 13217535 48768484 512
17629846 10 13217535 48768484 512
17695382 10 13217535 48768484 512
17957524 10 13217535 48768500 512
18023059 10 13217535 48768500 512
18154130 10 13217535 48768500 512
18285201 10 13217535 48768500 512
18350736 10 13217535 48768500 512
18416271 10 13217535 48768500 512
18809484 10 3550702 48768515 512
18809483 10 3550702 48768515 512
18875018 10 3550702 48768515 512
18940554 10 3550702 48768531 512
19071624 10 3550702 48768531 512
19137160 10 3550702 48768531 512
19202694 10 3550702 48768531 512
19333765 10 3550702 48768531 512
19399300 10 3550702 48768531 512
19399299 10 3550702 48768531 512
19530370 10 3550702 48768546 512
19595906 10 3550702 48768546 512
19661441 10 3550702 48768546 512
19726977 10 3550702 48768546 512
19792512 10 3550702 48768546 512
19858047 10 3550702 48768546 512
19923583 10 3550702 48768546 512
19989117 10 3550702 48768546 512
20054653 10 3550702 48768562 512
20120189 10 3550702 48768562 512
20185724 10 3550702 48768562 512
20316795 10 3550702 48768562 512
20382330 10 3550702 48768562 512
20447866 10 3550702 48768562 512
20513402 10 3550702 48768562 512
20578937 10 3550702 48768578 512
20644473 10 3550702 48768578 512
20775544 10 2588671 48768578 512
20906616 10 2588671 48768578 512
20972152 10 2588671 48768578 512
20972151 10 2588671 48768578 512
21037687 10 2588671 48768593 512
21103223 10 2588671 48768593 512
21168759 10 2588671 48768593 512
21234295 10 2588671 48768593 512
21299831 10 2588671 48768593 512
21365367 10 2588671 48768593 512
21430903 10 2588671 48768609 512
21430904 10 2588671 48768609 512
21496440 10 2588671 48768609 512
21561976 10 2588671 48768609 512
21561977 10 2588671 48768609 512
21627513 10 2588671 48768609 512
21627514 10 2588671 48768625 512
21627515 10 2588671 48768625 512
21627516 10 2588671 48768625 512
21693052 10 2588671 48768625 512
21693053 10 2588671 48768625 512
21693054 10 2588671 48768625 512
21693055 10 2588671 48768625 512
21758594 10 62207 48768640 512
21758596 10 62207 48768640 512
21758597 10 62207 48768640 512
21758598 10 62207 48768656 512
21758599 10 62207 48768656 512
21758600 10 62207 48768656 512
21758601 10 62207 48768656 512
21758602 10 62207 48768656 512
21758603 10 62207 48768671 512
21693067 10 62207 48768671 512
21693068 10 62207 48768671 512
21693069 10 62207 48768671 512
21627534 10 62207 48768671 512
21627535 10 62207 48768671 512
21561999 10 62207 48768671 512
21496464 10 62207 48768687 512
21496465 10 62207 48768687 512
21430930 10 62207 48768687 512
21430931 10 62207 48768687 512
21365395 10 62207 48768687 512
21365396 10 62207 48768687 512
21299861 10 62207 48768703 512
21168791 10 1498737 48768703 512
21103256 10 1498737 48768703 512
21037720 10 1498737 48768703 512
21037720 10 1498737 48768718 514
18481834 10 16759319 48768828 513
18481835 10 16759319 48768828 512
18416299 10 16759319 48768843 512
18416300 10 16759319 48768843 512
18350764 10 16759319 48768859 512
18350765 10 16759319 48768859 512
18285229 10 16759319 48768859 512
18285230 10 16759319 48768859 512
18219694 10 16759319 48768859 512
18219695 10 16759319 48768859 512
18219696 10 16759319 48768875 512
18154160 10 16759319 48768875 512
18154161 10 16759319 48768875 512
18154162 10 16759319 48768875 512
18154163 10 16759319 48768875 512
18154164 10 16759319 48768890 512
18088629 10 16759319 48768890 512
18088630 10 16759319 48768890 512
18023098 10 14253376 48768906 512
18023099 10 14253376 48768906 512
17957565 10 14253376 48768906 512
17957567 10 14253376 48768906 512
17957568 10 14253376 48768906 512
17957571 10 14253376 48768906 512
17957572 10 14253376 48768906 512
17957573 10 14253376 48768921 512
17957574 10 14253376 48768921 512
17957575 10 14253376 48768921 512
17957576 10 14253376 48768921 512
17892041 10 14253376 48768921 512
17826506 10 14253376 48768921 512
17826507 10 14253376 48768937 512
17826508 10 14253376 48768937 512
17760972 10 14253376 48768937 512
17695437 10 14253376 48768937 512
17695437 10 14253376 48768953 514
17564367 10 14253376 48768953 513
17433296 10 10766755 48768953 512
17367760 10 10766755 48768968 512
17302224 10 10766755 48768968 512
17302224 10 10766755 48768968 514
15663828 10 13217535 48769046 513
15860436 10 3550702 48769093 512
15925971 10 3550702 48769093 512
15991507 10 3550702 48769093 512
16057043 10 3550702 48769093 512
16188114 10 3550702 48769093 512
16319185 10 3550702 48769093 512
16450257 10 3550702 48769109 512
16515792 10 3550702 48769109 512
16646863 10 3550702 48769109 512
16712399 10 3550702 48769109 512
16777935 10 3550702 48769109 512
16843471 10 3550702 48769109 512
17040078 10 3550702 48769109 512
17105614 10 3550702 48769125 512
17236686 10 3550702 48769125 512
17367757 10 3550702 48769125 512
17629900 10 3550702 48769125 512
17760972 10 3550702 48769125 512
17892043 10 3550702 48769125 512
18023115 10 3550702 48769125 512
18219722 10 3550702 48769125 512
18285258 10 3550702 48769140 512
18416329 10 3550702 48769140 512
18612937 10 3550702 48769140 512
18875080 10 3550702 48769140 512
18940616 10 3550702 48769140 512
19071688 10 3550702 48769140 512
19727046 10 2588671 48769156 512
19858118 10 2588671 48769156 512
20054726 10 2588671 48769156 512
20120262 10 2588671 48769156 512
20251334 10 2588671 48769156 512
20382406 10 2588671 48769156 512
20644549 10 2588671 48769171 512
20775621 10 2588671 48769171 512
20906692 10 2588671 48769171 512
21037764 10 2588671 48769171 512
21103299 10 2588671 48769171 512
21234371 10 2588671 48769171 512
21299907 10 2588671 48769187 512
21430978 10 2588671 48769187 512
21496514 10 2588671 48769187 512
21562049 10 2588671 48769187 512
21693121 10 2588671 48769187 512
21824193 10 2588671 48769187 512
21824192 10 2588671 48769187 512
21955263 10 2588671 48769187 512
21955263 10 2588671 48769187 514
23331484 10 1498737 48769312 513
23331483 10 1498737 48769312 512
23462553 10 1498737 48769312 512
23528088 10 1498737 48769328 512
23593623 10 1498737 48769328 512
23659158 10 1498737 48769328 512
23724694 10 1498737 48769328 512
23724693 10 1498737 48769328 512
23790229 10 1498737 48769328 512
23986835 10 6471182 48769343 512
24052371 10 6471182 48769343 512
24117907 10 6471182 48769343 512
24183443 10 6471182 48769343 512
24183442 10 6471182 48769359 512
24248978 10 6471182 48769359 512
24314514 10 6471182 48769359 512
24380050 10 6471182 48769359 512
24445586 10 6471182 48769359 512
24511121 10 6471182 48769359 512
24576657 10 6471182 48769359 512
24707729 10 6471182 48769375 512
24773265 10 6471182 48769375 512
24838801 10 6471182 48769375 512
24969872 10 6471182 48769375 512
25035408 10 6471182 48769375 512
25100944 10 6471182 48769375 512
25166480 10 6471182 48769390 512
25297552 10 6471182 48769390 512
25363088 10 6471182 48769390 512
25428624 10 6471182 48769390 512
25494160 10 6471182 48769390 512
25559696 10 6471182 48769390 512
25887376 10 16759319 48769406 512
25952912 10 16759319 48769406 512
26018448 10 16759319 48769406 512
26083984 10 16759319 48769421 512
26149520 10 16759319 48769421 512
26215056 10 16759319 48769421 512
26346128 10 16759319 48769421 512
26411664 10 16759319 48769421 512
26477201 10 16759319 48769421 512
26542737 10 16759319 48769421 512
26608273 10 16759319 48769437 512
26673810 10 16759319 48769437 512
26739347 10 16759319 48769437 512
26804883 10 16759319 48769437 512
26870419 10 16759319 48769437 512
26870420 10 16759319 48769437 512
26935956 10 16759319 48769437 512
27001493 10 16759319 48769437 512
27067033 10 14253376 48769453 512
27132570 10 14253376 48769453 512
27132572 10 14253376 48769468 512
27132573 10 14253376 48769468 512
27132575 10 14253376 48769468 512
27132576 10 14253376 48769468 512
27132577 10 14253376 48769468 512
27132578 10 14253376 48769468 512
27067043 10 14253376 48769484 512
27001510 10 14253376 48769484 512
26935977 10 14253376 48769484 512
26870441 10 14253376 48769484 512
26870443 10 14253376 48769484 512
26870444 10 14253376 48769484 512
26739375 10 14253376 48769484 512
26739376 10 14253376 48769500 512
26673841 10 14253376 48769500 512
26673842 10 14253376 48769500 512
26673845 10 14253376 48769500 512
26673846 10 14253376 48769500 512
26608312 10 14253376 48769500 512
26542778 10 14253376 48769500 512
26542780 10 14253376 48769515 512
26346180 10 10766755 48769515 512
26346181 10 10766755 48769515 512
26346183 10 10766755 48769515 512
26280650 10 10766755 48769531 512
26215117 10 10766755 48769531 512
26215119 10 10766755 48769531 512
26149585 10 10766755 48769531 512
26084052 10 10766755 48769531 512
26084053 10 10766755 48769531 512
26018519 10 10766755 48769531 512
25952984 10 10766755 48769546 512
25887450 10 10766755 48769546 512
25887452 10 10766755 48769546 512
25821917 10 10766755 48769546 512
25690848 10 10766755 48769546 512
25690848 10 10766755 48769546 514
17433400 10 2588671 48769765 513
17498936 10 62207 48769796 512
17564472 10 62207 48769796 512
17630008 10 62207 48769812 512
17695543 10 62207 48769812 512
17761079 10 62207 48769812 512
17826614 10 62207 48769812 512
17892150 10 62207 48769812 512
17892149 10 62207 48769812 512
17957685 10 62207 48769812 512
18154292 10 62207 48769812 512
18154291 10 62207 48769828 512
18285363 10 62207 48769828 512
19137323 10 1498737 48769843 512
19202858 10 1498737 48769843 512
19399466 10 1498737 48769843 512
19596071 10 1498737 48769843 512
19727143 10 1498737 48769843 512
19923749 10 1498737 48769843 512
20120355 10 1498737 48769843 512
20251426 10 1498737 48769843 512
20448032 10 1498737 48769859 512
20579102 10 1498737 48769859 512
20775709 10 1498737 48769859 512
20906780 10 1498737 48769859 512
21037850 10 1498737 48769859 512
21168921 10 1498737 48769859 512
21299991 10 1498737 48769859 512
21431063 10 1498737 48769875 512
21627669 10 1498737 48769875 512
21693204 10 1498737 48769875 512
21758740 10 1498737 48769875 512
21758739 10 1498737 48769875 512
21889811 10 1498737 48769875 512
21955346 10 1498737 48769875 512
22020882 10 1498737 48769890 512
22020881 10 1498737 48769890 512
22086417 10 1498737 48769890 512
22020881 10 6471182 48769921 512
21955346 10 6471182 48769921 512
21889810 10 6471182 48769921 512
21824275 10 6471182 48769937 512
21758739 10 6471182 48769937 512
21758740 10 6471182 48769937 512
21693205 10 6471182 48769937 512
21627669 10 6471182 48769937 512
21562134 10 6471182 48769937 512
21431063 10 6471182 48769937 512
21431064 10 6471182 48769937 512
21299992 10 6471182 48769953 512
21234459 10 6471182 48769953 512
21168923 10 6471182 48769953 512
21103389 10 6471182 48769953 512
21037854 10 6471182 48769953 512
20710181 10 16759319 48769968 512
20644646 10 16759319 48769968 512
20579112 10 16759319 48769968 512
20579113 10 16759319 48769968 512
20513578 10 16759319 48769968 512
20448044 10 16759319 48769968 512
20448045 10 16759319 48769984 512
20448046 10 16759319 48769984 512
20382512 10 16759319 48769984 512
20382514 10 16759319 48769984 512
20316980 10 16759319 48769984 512
20316981 10 16759319 48769984 512
20316982 10 16759319 48770000 512
20316985 10 16759319 48770000 512
20316986 10 16759319 48770000 512
20316988 10 16759319 48770000 512
20382526 10 16759319 48770000 512
20382528 10 16759319 48770015 512
20448066 10 16759319 48770015 512
20513605 10 16759319 48770015 512
20513606 10 16759319 48770015 512
20579144 10 16759319 48770015 512
20775761 10 14253376 48770031 512
20841300 10 14253376 48770031 512
20906837 10 14253376 48770031 512
20972375 10 14253376 48770031 512
20972376 10 14253376 48770031 512
21037914 10 14253376 48770031 512
21103451 10 14253376 48770031 512
21103453 10 14253376 48770046 512
21234527 10 14253376 48770046 512
21300065 10 14253376 48770046 512
21300067 10 14253376 48770046 512
21365604 10 14253376 48770046 512
21431142 10 14253376 48770046 512
21496681 10 14253376 48770046 512
21496683 10 14253376 48770046 512
21562220 10 14253376 48770062 512
21627757 10 14253376 48770062 512
21693296 10 14253376 48770062 512
21758832 10 14253376 48770062 512
21758833 10 14253376 48770062 512
21824371 10 14253376 48770062 512
21955446 10 14253376 48770062 512
21955447 10 14253376 48770078 512
21955448 10 14253376 48770078 512
22020985 10 14253376 48770078 512
22086522 10 14253376 48770078 512
22086523 10 14253376 48770078 512
22152060 10 14253376 48770078 512
22217599 10 10766755 48770093 512
22217599 10 10766755 48770093 514
22283135 10 10766755 48770093 513
22283136 10 10766755 48770093 512
22348673 10 10766755 48770093 512
22348673 10 10766755 48770093 514
25559835 10 3550702 48770234 513
25625368 10 3550702 48770234 512
25625367 10 3550702 48770234 512
25625366 10 3550702 48770234 512
25690902 10 3550702 48770250 512
25690905 10 2588671 48770281 512
25690907 10 2588671 48770281 512
25690908 10 2588671 48770296 512
25690910 10 2588671 48770296 512
25690911 10 2588671 48770296 512
25690912 10 2588671 48770296 512
25690914 10 2588671 48770296 512
25690915 10 2588671 48770296 512
25690917 10 2588671 48770312 512
25625385 10 2588671 48770312 512
25559850 10 2588671 48770312 512
25559851 10 2588671 48770312 512
25494318 10 2588671 48770312 512
25494319 10 2588671 48770312 512
25494321 10 2588671 48770328 512
25428794 10 62207 48770328 512
25363260 10 62207 48770328 512
25363264 10 62207 48770328 512
25363265 10 62207 48770328 512
25297731 10 62207 48770343 512
25297734 10 62207 48770343 512
25297737 10 62207 48770343 512
25297740 10 62207 48770343 512
25232206 10 62207 48770343 512
25232209 10 62207 48770343 512
25166678 10 62207 48770343 512
25166679 10 62207 48770343 512
25166681 10 62207 48770359 512
25101148 10 62207 48770359 512
25035617 10 62207 48770359 512
25035618 10 62207 48770359 512
25035620 10 62207 48770359 512
24970086 10 62207 48770359 512
24904552 10 62207 48770359 512
24839019 10 62207 48770359 512
24839019 10 62207 48770359 514
