50 120 480 1250
19857580 28 12632256 3709593 513
19792042 28 12632256 3709656 512
19726500 28 12632256 3709656 512
19726492 28 12632256 3709671 512
19726483 28 12632256 3709671 512
19988607 28 12632256 3709687 512
20250742 28 12632256 3709687 512
20643949 28 12632256 3709703 512
20906089 28 12632256 3709703 512
21299300 28 12632256 3709718 512
21561440 28 12632256 3709718 512
21758045 28 12632256 3709734 512
22216794 28 12632256 3709734 512
22610008 28 12632256 3709750 512
22937686 28 12632256 3709750 512
23199830 28 12632256 3709765 512
23396438 28 12632256 3709765 512
23593046 28 12632256 3709781 512
23855190 28 12632256 3709781 512
23986262 28 12632256 3709796 512
24248406 28 12632256 3709796 512
24445015 28 12632256 3709812 512
24576088 28 12632256 3709812 512
24707164 28 12632256 3709812 512
24969314 28 12632256 3709828 512
25165930 28 12632256 3709828 512
25297015 28 12632256 3709843 512
25231489 28 12632256 3709843 512
25100429 28 12632256 3709859 512
24903834 28 12632256 3709859 512
24707240 28 12632256 3709875 512
24379571 28 12632256 3709875 512
24117434 28 12632256 3709890 512
23986367 28 12632256 3709890 512
23920833 28 12632256 3709906 512
23855298 28 12632256 3709906 512
23789764 28 12632256 3709921 512
23789765 28 12632256 3709937 512
23724229 28 12632256 3709937 512
23658693 28 12632256 3709968 512
23593157 28 12632256 3709968 512
23527621 28 12632256 3709984 512
23462085 28 12632256 3710000 512
23396548 28 12632256 3710000 512
23331012 28 12632256 3710015 512
23265475 28 12632256 3710015 512
23265474 28 12632256 3710031 512
23199937 28 12632256 3710046 512
23068863 28 12632256 3710046 512
22872251 28 12632256 3710062 512
22675640 28 12632256 3710062 512
22544564 28 12632256 3710078 512
22413491 28 12632256 3710078 512
22347954 28 12632256 3710093 512
22282416 28 12632256 3710093 512
22216879 28 12632256 3710109 512
22216879 28 12632256 3710109 514
19136820 28 12632256 3710531 513
19136821 28 12632256 3710531 512
19136822 28 12632256 3710546 512
19136823 28 12632256 3710578 512
19136824 28 12632256 3710593 512
19595578 28 12632256 3710593 512
20513085 28 12632256 3710609 512
21758272 28 12632256 3710609 512
23724355 28 12632256 3710625 512
25035076 28 12632256 3710640 512
25821510 28 12632256 3710640 512
26542407 28 12632256 3710640 512
27328841 28 12632256 3710656 512
27853129 28 12632256 3710656 512
28311882 28 12632256 3710671 512
28639563 28 12632256 3710671 512
28901707 28 12632256 3710687 512
29098316 28 12632256 3710687 512
29163852 28 12632256 3710703 512
29229388 28 12632256 3710703 512
29294924 28 12632256 3710718 512
29360460 28 12632256 3710734 512
29360460 28 12632256 3710734 514
17695167 28 12632256 3711640 513
18612678 28 12632256 3711703 512
18678214 28 12632256 3711750 512
18940359 28 12632256 3711750 512
19333576 28 12632256 3711765 512
20054475 28 12632256 3711765 512
20709839 28 12632256 3711781 512
21168593 28 12632256 3711781 512
21758419 28 12632256 3711796 512
22217172 28 12632256 3711796 512
22610390 28 12632256 3711812 512
22806999 28 12632256 3711812 512
23003609 28 12632256 3711828 512
23134682 28 12632256 3711828 512
23200218 28 12632256 3711843 512
23331290 28 12632256 3711843 512
23396827 28 12632256 3711843 512
23396828 28 12632256 3711859 512
23462364 28 12632256 3711859 512
23527900 28 12632256 3711875 512
23396827 28 12632256 3711953 512
22282709 28 12632256 3711968 512
20840911 28 12632256 3711984 512
20840911 28 12632256 3711984 514
16843208 28 12632256 3712187 513
16777672 28 12632256 3712218 512
16712136 28 12632256 3712234 512
16646600 28 12632256 3712250 512
16646602 28 12632256 3712265 512
16384468 28 12632256 3712265 512
16122336 28 12632256 3712281 512
15991270 28 12632256 3712296 512
15401486 28 12632256 3712296 512
15139360 28 12632256 3712312 512
14942764 28 12632256 3712312 512
14877238 28 12632256 3712328 512
14746173 28 12632256 3712328 512
14746180 28 12632256 3712343 512
14811723 28 12632256 3712343 512
14942802 28 12632256 3712343 512
15073881 28 12632256 3712359 512
15204959 28 12632256 3712359 512
15336034 28 12632256 3712375 512
15467112 28 12632256 3712375 512
15532651 28 12632256 3712390 512
15532652 28 12632256 3712390 512
15663725 28 12632256 3712406 512
15663727 28 12632256 3712406 512
15663728 28 12632256 3712421 512
15729265 28 12632256 3712421 512
15794802 28 12632256 3712437 512
15794803 28 12632256 3712468 512
15860340 28 12632256 3712468 512
15991413 28 12632256 3712500 512
16188021 28 12632256 3712500 512
16712308 28 12632256 3712500 512
17367666 28 12632256 3712515 512
17957486 28 12632256 3712515 512
18416235 28 12632256 3712531 512
18809449 28 12632256 3712531 512
19137128 28 12632256 3712546 512
19464806 28 12632256 3712546 512
19858020 28 12632256 3712562 512
20185698 28 12632256 3712562 512
20382306 28 12632256 3712578 512
20578913 28 12632256 3712578 512
20644449 28 12632256 3712593 512
20709985 28 12632256 3712593 512
20841056 28 12632256 3712609 512
20906592 28 12632256 3712609 512
20972127 28 12632256 3712625 512
21037663 28 12632256 3712625 512
21168733 28 12632256 3712640 512
21430872 28 12632256 3712640 512
21627476 28 12632256 3712656 512
21758546 28 12632256 3712656 512
21955149 28 12632256 3712671 512
22544958 28 12632256 3712671 512
22807095 28 12632256 3712687 512
23003698 28 12632256 3712687 512
23134764 28 12632256 3712703 512
23331365 28 12632256 3712703 512
23462432 28 12632256 3712718 512
23462429 28 12632256 3712718 512
23527962 28 12632256 3712734 512
23593497 28 12632256 3712734 512
23593496 28 12632256 3712750 512
23593495 28 12632256 3712750 512
23593493 28 12632256 3712765 512
23527956 28 12632256 3712781 512
23527955 28 12632256 3712796 512
23527954 28 12632256 3712796 512
23527949 28 12632256 3712812 512
23396866 28 12632256 3712812 512
23331318 28 12632256 3712828 512
23331309 28 12632256 3712828 512
23331303 28 12632256 3712843 512
23265762 28 12632256 3712843 512
23265757 28 12632256 3712859 512
23265756 28 12632256 3712859 512
23265755 28 12632256 3712875 512
23265754 28 12632256 3712875 512
23200217 28 12632256 3712890 512
23200217 28 12632256 3712937 514
26345879 28 12632256 3713453 513
26411415 28 12632256 3713484 512
26411418 28 12632256 3713500 512
26411422 28 12632256 3713500 512
26411442 28 12632256 3713515 512
26345914 28 12632256 3713515 512
26345941 28 12632256 3713531 512
26345957 28 12632256 3713546 512
26345971 28 12632256 3713546 512
26345984 28 12632256 3713546 512
26280468 28 12632256 3713562 512
26214958 28 12632256 3713562 512
26214974 28 12632256 3713578 512
26083915 28 12632256 3713578 512
26018393 28 12632256 3713593 512
26018406 28 12632256 3713593 512
25952881 28 12632256 3713609 512
25887353 28 12632256 3713609 512
25887358 28 12632256 3713625 512
25887361 28 12632256 3713625 512
25887362 28 12632256 3713640 512
25887364 28 12632256 3713640 512
25887365 28 12632256 3713656 512
25821830 28 12632256 3713671 512
25756294 28 12632256 3713703 512
25756294 28 12632256 3713718 514
26083901 28 12632256 3714109 513
26149437 28 12632256 3714109 512
26214972 28 12632256 3714125 512
26280508 28 12632256 3714140 512
26280507 28 12632256 3714140 512
26346042 28 12632256 3714156 512
26542650 28 12632256 3714156 512
26739258 28 12632256 3714171 512
27132474 28 12632256 3714171 512
27460154 28 12632256 3714187 512
27918906 28 12632256 3714187 512
28508730 28 12632256 3714203 512
28967482 28 12632256 3714203 512
29229626 28 12632256 3714218 512
29491770 28 12632256 3714218 512
30147132 28 12632256 3714218 512
30540348 28 12632256 3714234 512
31195709 28 12632256 3714234 512
31916606 28 12632256 3714250 512
32506430 28 12632256 3714250 512
32965182 28 12632256 3714265 512
33161790 28 12632256 3714265 512
33358398 28 12632256 3714281 512
33423934 28 12632256 3714281 512
33489470 28 12632256 3714296 512
33489470 28 12632256 3714312 514
12845869 28 12632256 3714781 513
12845870 28 12632256 3714828 512
12845872 28 12632256 3714828 512
13108023 28 12632256 3714843 512
13435713 28 12632256 3714843 512
13828939 28 12632256 3714859 512
14156626 28 12632256 3714859 512
14418778 28 12632256 3714875 512
14877539 28 12632256 3714890 512
14943077 28 12632256 3714890 512
15074152 28 12632256 3714890 512
15074153 28 12632256 3714906 512
15205226 28 12632256 3714906 512
15205227 28 12632256 3714921 512
15270764 28 12632256 3714921 512
15336301 28 12632256 3714937 512
15401837 28 12632256 3714953 512
15467373 28 12632256 3714953 512
15532909 28 12632256 3714968 512
15532909 28 12632256 3714968 514
19202787 28 12632256 3715125 513
19202785 28 12632256 3715140 512
19202784 28 12632256 3715156 512
19202785 28 12632256 3715171 512
19006186 28 12632256 3715187 512
18547452 28 12632256 3715187 512
18023184 28 12632256 3715203 512
17433383 28 12632256 3715203 512
16909119 28 12632256 3715218 512
16646994 28 12632256 3715218 512
16515934 28 12632256 3715234 512
16384874 28 12632256 3715234 512
16384887 28 12632256 3715250 512
16253830 28 12632256 3715250 512
16188306 28 12632256 3715265 512
16122780 28 12632256 3715265 512
16122786 28 12632256 3715281 512
16122790 28 12632256 3715281 512
16122793 28 12632256 3715296 512
16122795 28 12632256 3715296 512
16122796 28 12632256 3715312 512
16122797 28 12632256 3715312 512
16122798 28 12632256 3715312 512
16122799 28 12632256 3715343 512
16122799 28 12632256 3715375 514
19202873 28 12632256 3715500 513
19202871 28 12632256 3715515 512
19268406 28 12632256 3715515 512
19333941 28 12632256 3715531 512
19399475 28 12632256 3715546 512
19465011 28 12632256 3715562 512
19530547 28 12632256 3715578 512
19989295 28 12632256 3715593 512
20841252 28 12632256 3715593 512
21496606 28 12632256 3715609 512
22348567 28 12632256 3715609 512
23134995 28 12632256 3715625 512
23790352 28 12632256 3715625 512
24380173 28 12632256 3715640 512
24838925 28 12632256 3715640 512
25101069 28 12632256 3715656 512
25363215 28 12632256 3715656 512
25559827 28 12632256 3715671 512
25690904 28 12632256 3715671 512
25821985 28 12632256 3715687 512
25887527 28 12632256 3715687 512
25953072 28 12632256 3715687 512
25953080 28 12632256 3715703 512
25822017 28 12632256 3715703 512
25625419 28 12632256 3715718 512
25363284 28 12632256 3715718 512
25101147 28 12632256 3715734 512
24970079 28 12632256 3715734 512
24839011 28 12632256 3715750 512
24773477 28 12632256 3715750 512
24642406 28 12632256 3715765 512
24642407 28 12632256 3715765 512
24511336 28 12632256 3715781 512
24445800 28 12632256 3715781 512
24380264 28 12632256 3715796 512
24314728 28 12632256 3715796 512
24249192 28 12632256 3715812 512
24052582 28 12632256 3715812 512
23593824 28 12632256 3715828 512
23331677 28 12632256 3715828 512
23069528 28 12632256 3715828 512
22807380 28 12632256 3715843 512
22610769 28 12632256 3715843 512
22414157 28 12632256 3715859 512
22217548 28 12632256 3715859 512
22086473 28 12632256 3715875 512
22020936 28 12632256 3715875 512
21889863 28 12632256 3715890 512
21889862 28 12632256 3715890 512
21824325 28 12632256 3715906 512
21758788 28 12632256 3715921 512
21758788 28 12632256 3715921 514
16319425 28 12632256 3716140 513
16319428 28 12632256 3716156 512
16384967 28 12632256 3716156 512
16450506 28 12632256 3716171 512
16450515 28 12632256 3716187 512
16581599 28 12632256 3716203 512
16581603 28 12632256 3716203 512
16581606 28 12632256 3716218 512
16516073 28 12632256 3716218 512
16516076 28 12632256 3716234 512
16516079 28 12632256 3716234 512
16516084 28 12632256 3716234 512
16450553 28 12632256 3716250 512
16450557 28 12632256 3716250 512
16450561 28 12632256 3716265 512
16450565 28 12632256 3716265 512
16450570 28 12632256 3716281 512
16450576 28 12632256 3716281 512
16450580 28 12632256 3716296 512
16385048 28 12632256 3716296 512
16385051 28 12632256 3716312 512
16385053 28 12632256 3716312 512
16385056 28 12632256 3716328 512
16385057 28 12632256 3716328 512
16385058 28 12632256 3716343 512
16385059 28 12632256 3716343 512
16385059 28 12632256 3716359 514
20972492 28 12632256 3716578 513
20972494 28 12632256 3716625 512
20906962 28 12632256 3716625 512
20710360 28 12632256 3716625 512
20513758 28 12632256 3716640 512
20251620 28 12632256 3716640 512
19989481 28 12632256 3716640 512
19727342 28 12632256 3716656 512
19596273 28 12632256 3716656 512
19465203 28 12632256 3716671 512
19399668 28 12632256 3716671 512
19334133 28 12632256 3716687 512
19334135 28 12632256 3716687 512
19268599 28 12632256 3716703 512
19203065 28 12632256 3716703 512
19006463 28 12632256 3716718 512
18613254 28 12632256 3716718 512
18416650 28 12632256 3716734 512
18220044 28 12632256 3716734 512
18088975 28 12632256 3716750 512
17957904 28 12632256 3716750 512
17630226 28 12632256 3716765 512
17630226 28 12632256 3716765 514
14418967 28 12632256 3716906 513
14418966 28 12632256 3716953 512
15795214 28 12632256 3716968 512
16712713 28 12632256 3716968 512
17433606 28 12632256 3716984 512
18220035 28 12632256 3716984 512
19596288 28 12632256 3717000 512
21103613 28 12632256 3717000 512
21824509 28 12632256 3717015 512
22479869 28 12632256 3717015 512
22873085 28 12632256 3717031 512
23069693 28 12632256 3717031 512
23266301 28 12632256 3717031 512
23331837 28 12632256 3717046 512
23397373 28 12632256 3717046 512
23462909 28 12632256 3717062 512
23593981 28 12632256 3717078 512
23659517 28 12632256 3717109 512
23659517 28 12632256 3717109 514
24707984 28 12632256 3717359 513
24970128 28 12632256 3717375 512
25625486 28 12632256 3717375 512
26870670 28 12632256 3717390 512
27460494 28 12632256 3717406 512
28181390 28 12632256 3717406 512
28836751 28 12632256 3717421 512
29623183 28 12632256 3717421 512
30081936 28 12632256 3717437 512
30475153 28 12632256 3717437 512
30671763 28 12632256 3717437 512
30737299 28 12632256 3717453 512
30868372 28 12632256 3717453 512
30933908 28 12632256 3717468 512
30933909 28 12632256 3717468 512
30999445 28 12632256 3717484 512
30999447 28 12632256 3717500 512
30999452 28 12632256 3717500 512
30999459 28 12632256 3717515 512
30868399 28 12632256 3717515 512
30737342 28 12632256 3717531 512
30671818 28 12632256 3717531 512
30606291 28 12632256 3717546 512
30540763 28 12632256 3717546 512
30475236 28 12632256 3717546 512
30409706 28 12632256 3717562 512
30344175 28 12632256 3717562 512
30344177 28 12632256 3717578 512
30344178 28 12632256 3717578 512
30278644 28 12632256 3717593 512
30213108 28 12632256 3717593 512
30213109 28 12632256 3717609 512
30213109 28 12632256 3717609 514
