70 140 660 1280
17694998 10 0 6680468 513
17432845 10 0 6680468 512
17432843 10 0 6680484 512
17367305 10 0 6680484 512
17301757 10 0 6680484 512
17301756 10 0 6680484 512
17301752 10 0 6680484 512
17301751 10 0 6680500 512
17301750 10 0 6680500 512
17498350 10 0 6680500 512
17563886 10 0 6680515 512
17760492 10 0 6680515 512
17891564 10 0 6680515 512
17957099 10 0 6680515 512
18088170 10 0 6680515 512
18284778 10 0 6680515 512
18415850 10 0 6680515 512
18546921 10 0 6680515 512
18743529 10 0 6680531 512
19988710 10 0 6680531 512
20119782 10 0 6680546 512
20381926 10 0 6680546 512
21823718 10 0 6680546 512
22151398 10 0 6680562 512
24576231 10 0 6680562 512
25034984 10 0 6680578 512
25559273 10 0 6680578 512
26280171 10 0 6680578 512
26476779 10 0 6680578 512
26869996 10 0 6680578 512
27984111 10 0 6680578 512
28115184 10 0 6680578 512
28377329 10 0 6680578 512
28639474 10 0 6680578 512
29032692 10 0 6680578 512
29491447 10 0 6680578 512
29884665 10 0 6680593 512
30933251 10 0 6680593 512
31195397 10 0 6680609 512
31457546 10 0 6680609 512
31523083 10 0 6680609 512
31654158 10 0 6680609 512
31785232 10 0 6680609 512
32047381 10 0 6680609 512
32178459 10 0 6680609 512
32637225 10 0 6680609 512
32637228 10 0 6680625 512
32702767 10 0 6680625 512
32833842 10 0 6680625 512
32899383 10 0 6680625 512
32964922 10 0 6680625 512
32964928 10 0 6680625 512
32964930 10 0 6680656 512
33096038 10 0 6680656 512
32899439 10 0 6680671 512
31457698 10 0 6680671 512
31326629 10 0 6680687 512
30998957 10 0 6680687 512
30867886 10 0 6680687 512
30540214 10 0 6680687 512
30278077 10 0 6680703 512
30147007 10 0 6680703 512
30081474 10 0 6680703 512
29950404 10 0 6680703 512
29688265 10 0 6680703 512
29622730 10 0 6680718 512
29491662 10 0 6680718 512
29229523 10 0 6680718 512
28770778 10 0 6680718 512
28705243 10 0 6680718 512
28443104 10 0 6680718 512
28246499 10 0 6680718 512
27722219 10 0 6680718 512
27656684 10 0 6680718 512
27460079 10 0 6680718 512
27197937 10 0 6680718 512
26935797 10 0 6680718 512
26673657 10 0 6680734 512
26345980 10 0 6680734 512
24707594 10 0 6680734 512
24248846 10 0 6680750 512
24183311 10 0 6680750 512
23921168 10 0 6680750 512
23724562 10 0 6680750 512
23331348 10 0 6680750 512
23069206 10 0 6680750 512
22938134 10 0 6680765 512
22610455 10 0 6680765 512
22610456 10 0 6680765 512
22282776 10 0 6680765 512
22151705 10 0 6680781 512
22086169 10 0 6680781 512
21561884 10 0 6680781 512
21496348 10 0 6680796 512
21496349 10 0 6680796 512
21430813 10 0 6680796 512
21430814 10 0 6680812 512
21365278 10 0 6680812 512
21365279 10 0 6680812 512
21365280 10 0 6680812 512
21365281 10 0 6680812 512
21365282 10 0 6680828 512
21561894 10 0 6680828 512
21692966 10 0 6680843 512
21692968 10 0 6680843 512
22217262 10 0 6680843 512
22282799 10 0 6680843 512
22413873 10 0 6680843 512
22676021 10 0 6680843 512
22741557 10 0 6680843 512
22872631 10 0 6680843 512
23069242 10 0 6680843 512
23396927 10 0 6680859 512
23462464 10 0 6680859 512
24183371 10 0 6680859 512
24314445 10 0 6680859 512
24773204 10 0 6680859 512
24969814 10 0 6680875 512
25231963 10 0 6680875 512
25559647 10 0 6680875 512
25887332 10 0 6680875 512
26477165 10 0 6680875 512
26739313 10 0 6680875 512
27066997 10 0 6680875 512
27722366 10 0 6680890 512
27853440 10 0 6680890 512
28246661 10 0 6680890 512
28508810 10 0 6680890 512
29164177 10 0 6680890 512
29360786 10 0 6680890 512
29688471 10 0 6680890 512
30081691 10 0 6680906 512
30671522 10 0 6680906 512
30802596 10 0 6680906 512
31130279 10 0 6680906 512
31523499 10 0 6680906 512
32834230 10 0 6680906 512
33424059 10 0 6680906 512
33882815 10 0 6680921 512
34669252 10 0 6680921 512
34931398 10 0 6680921 512
36897490 10 0 6680921 512
37225172 10 0 6680921 512
37618390 10 0 6680937 512
37946071 10 0 6680937 512
38273752 10 0 6680937 512
39650009 10 0 6680937 512
39912153 10 0 6680937 512
40108761 10 0 6680953 512
40305368 10 0 6680953 512
40501974 10 0 6680953 512
40698582 10 0 6680953 512
40960724 10 0 6680953 512
41222865 10 0 6680953 512
41353937 10 0 6680953 512
41485007 10 0 6680953 512
41616078 10 0 6680968 512
41812682 10 0 6680968 512
41943752 10 0 6680968 512
41943750 10 0 6680968 512
42074820 10 0 6680968 512
42074818 10 0 6680984 512
42205888 10 0 6680984 512
42336953 10 0 6680984 512
42468022 10 0 6680984 512
42468019 10 0 6680984 512
42533551 10 0 6680984 512
42533549 10 0 6680984 512
42599078 10 0 6681000 512
42664605 10 0 6681000 512
42664602 10 0 6681000 512
42730134 10 0 6681000 512
42730123 10 0 6681000 512
42730119 10 0 6681015 512
42730115 10 0 6681015 512
42730111 10 0 6681015 512
42730105 10 0 6681015 512
42730102 10 0 6681015 512
42664559 10 0 6681031 512
42664558 10 0 6681031 512
42599017 10 0 6681031 512
42599012 10 0 6681031 512
42533467 10 0 6681031 512
42467927 10 0 6681031 512
42402387 10 0 6681031 512
42336846 10 0 6681031 512
42271306 10 0 6681046 512
42271301 10 0 6681046 512
42140224 10 0 6681046 512
42009144 10 0 6681046 512
42009142 10 0 6681046 512
41878065 10 0 6681046 512
41812525 10 0 6681046 512
41681448 10 0 6681046 512
41615908 10 0 6681046 512
41550368 10 0 6681062 512
41484827 10 0 6681062 512
41288211 10 0 6681062 512
41222674 10 0 6681062 512
41091598 10 0 6681062 512
40960522 10 0 6681062 512
40829444 10 0 6681062 512
40698370 10 0 6681062 512
40632831 10 0 6681078 512
40501757 10 0 6681078 512
40436219 10 0 6681078 512
40305145 10 0 6681078 512
40239607 10 0 6681078 512
40108534 10 0 6681078 512
40042996 10 0 6681078 512
39977460 10 0 6681078 512
39911924 10 0 6681093 512
39846387 10 0 6681093 512
39649778 10 0 6681093 512
39584242 10 0 6681093 512
39453170 10 0 6681093 512
39322098 10 0 6681093 512
39191026 10 0 6681109 512
39059954 10 0 6681109 512
38863347 10 0 6681109 512
38797811 10 0 6681109 512
38666740 10 0 6681109 512
38470134 10 0 6681109 512
38404599 10 0 6681109 512
38273528 10 0 6681109 512
38142458 10 0 6681125 512
38011388 10 0 6681125 512
37683713 10 0 6681125 512
37618178 10 0 6681125 512
37421572 10 0 6681125 512
37159432 10 0 6681125 512
36766222 10 0 6681140 512
36700688 10 0 6681140 512
36504082 10 0 6681140 512
36241943 10 0 6681140 512
35848733 10 0 6681140 512
35586593 10 0 6681140 512
35324455 10 0 6681140 512
34669105 10 0 6681140 512
34538035 10 0 6681156 512
34079291 10 0 6681156 512
33686081 10 0 6681156 512
33292871 10 0 6681156 512
32899663 10 0 6681156 512
32440918 10 0 6681156 512
32047709 10 0 6681156 512
31261290 10 0 6681156 512
31064685 10 0 6681171 512
30671475 10 0 6681171 512
30212732 10 0 6681171 512
29557384 10 0 6681171 512
29426314 10 0 6681171 512
29164175 10 0 6681171 512
28770967 10 0 6681171 512
28508829 10 0 6681171 512
28181157 10 0 6681187 512
27919022 10 0 6681187 512
27656885 10 0 6681187 512
27198146 10 0 6681187 512
27067077 10 0 6681187 512
26804942 10 0 6681187 512
26542806 10 0 6681187 512
26149603 10 0 6681187 512
26018533 10 0 6681203 512
25887467 10 0 6681203 512
25690868 10 0 6681203 512
25363200 10 0 6681203 512
25232131 10 0 6681203 512
25101066 10 0 6681203 512
24970002 10 0 6681203 512
24773404 10 0 6681203 512
24773407 10 0 6681218 512
24642341 10 0 6681218 512
24576811 10 0 6681218 512
24445746 10 0 6681218 512
24380216 10 0 6681218 512
24314685 10 0 6681218 512
24314690 10 0 6681218 512
24183626 10 0 6681234 512
24183628 10 0 6681234 512
24118096 10 0 6681234 512
24052563 10 0 6681234 512
23987033 10 0 6681234 512
23987034 10 0 6681234 512
23987037 10 0 6681234 512
23921503 10 0 6681234 512
23921505 10 0 6681250 512
23921507 10 0 6681250 512
23921509 10 0 6681250 512
23921508 10 0 6681296 512
23921507 10 0 6681296 512
23921505 10 0 6681296 512
23987040 10 0 6681296 512
24052574 10 0 6681296 512
24118108 10 0 6681296 512
24118106 10 0 6681296 512
24249176 10 0 6681312 512
24380244 10 0 6681312 512
24380243 10 0 6681312 512
24511313 10 0 6681312 512
24511311 10 0 6681312 512
24773450 10 0 6681312 512
24838984 10 0 6681312 512
24970053 10 0 6681312 512
25166656 10 0 6681328 512
25363260 10 0 6681328 512
25494327 10 0 6681328 512
25756467 10 0 6681328 512
25953071 10 0 6681328 512
26280743 10 0 6681328 512
26411813 10 0 6681328 512
26673952 10 0 6681328 512
26936090 10 0 6681343 512
27525904 10 0 6681343 512
27656974 10 0 6681343 512
27984648 10 0 6681343 512
28312322 10 0 6681343 512
28902139 10 0 6681343 512
29033208 10 0 6681343 512
29491954 10 0 6681343 512
29885164 10 0 6681359 512
30540514 10 0 6681359 512
30671583 10 0 6681359 512
30999258 10 0 6681359 512
31392468 10 0 6681359 512
31851215 10 0 6681359 512
32244426 10 0 6681359 512
32965313 10 0 6681375 512
33620666 10 0 6681375 512
33751737 10 0 6681375 512
34013878 10 0 6681375 512
34341554 10 0 6681375 512
34865837 10 0 6681375 512
34996908 10 0 6681375 512
35390121 10 0 6681390 512
35783334 10 0 6681390 512
36307618 10 0 6681390 512
36438689 10 0 6681390 512
36766368 10 0 6681390 512
37028510 10 0 6681390 512
37487261 10 0 6681390 512
37552797 10 0 6681390 512
37814941 10 0 6681406 512
38011549 10 0 6681406 512
38208158 10 0 6681406 512
38404767 10 0 6681406 512
38601376 10 0 6681406 512
38732450 10 0 6681406 512
38994598 10 0 6681406 512
39060136 10 0 6681406 512
39125674 10 0 6681421 512
39256750 10 0 6681421 512
39518901 10 0 6681421 512
39584439 10 0 6681421 512
39715516 10 0 6681421 512
39846593 10 0 6681421 512
39912135 10 0 6681421 512
39977677 10 0 6681421 512
40043220 10 0 6681437 512
40108763 10 0 6681437 512
40239847 10 0 6681437 512
40239850 10 0 6681437 512
40305394 10 0 6681437 512
40305403 10 0 6681437 512
40370953 10 0 6681437 512
40370956 10 0 6681437 512
40370964 10 0 6681453 512
40370972 10 0 6681453 512
40502060 10 0 6681453 512
40502063 10 0 6681453 512
40502073 10 0 6681453 512
40502081 10 0 6681453 512
40371024 10 0 6681453 512
40371027 10 0 6681453 512
40239962 10 0 6681468 512
40108894 10 0 6681468 512
39977828 10 0 6681468 512
39781229 10 0 6681468 512
39650164 10 0 6681468 512
39453563 10 0 6681468 512
38929289 10 0 6681468 512
38863757 10 0 6681484 512
38601620 10 0 6681484 512
38208411 10 0 6681484 512
37684134 10 0 6681484 512
37618601 10 0 6681484 512
37290925 10 0 6681484 512
36963251 10 0 6681484 512
36438972 10 0 6681484 512
36242366 10 0 6681500 512
35914689 10 0 6681500 512
35587013 10 0 6681500 512
35128265 10 0 6681500 512
34997194 10 0 6681500 512
34538445 10 0 6681500 512
34145232 10 0 6681500 512
33883089 10 0 6681500 512
33489874 10 0 6681515 512
33096660 10 0 6681515 512
32703445 10 0 6681515 512
32048086 10 0 6681515 512
31917014 10 0 6681515 512
31589334 10 0 6681515 512
31327190 10 0 6681515 512
30868438 10 0 6681531 512
30737366 10 0 6681531 512
30540757 10 0 6681531 512
30213075 10 0 6681531 512
29819856 10 0 6681531 512
29754319 10 0 6681531 512
29623245 10 0 6681531 512
29361099 10 0 6681531 512
29164488 10 0 6681546 512
29098951 10 0 6681546 512
29033412 10 0 6681546 512
28836802 10 0 6681546 512
28771263 10 0 6681546 512
28640188 10 0 6681546 512
28509112 10 0 6681546 512
28443572 10 0 6681546 512
28246957 10 0 6681562 512
28181419 10 0 6681562 512
28115879 10 0 6681562 512
28050337 10 0 6681562 512
27919258 10 0 6681562 512
27919256 10 0 6681562 512
27853717 10 0 6681562 512
27853713 10 0 6681562 512
27853710 10 0 6681578 512
27853706 10 0 6681578 512
27853703 10 0 6681578 512
27853700 10 0 6681578 512
27853696 10 0 6681578 512
27853695 10 0 6681578 512
27919228 10 0 6681578 512
28050296 10 0 6681593 512
28181364 10 0 6681593 512
28246899 10 0 6681593 512
28312432 10 0 6681593 512
28443503 10 0 6681593 512
28640107 10 0 6681593 512
28705642 10 0 6681593 512
28836713 10 0 6681593 512
28967782 10 0 6681609 512
29295460 10 0 6681609 512
29360995 10 0 6681609 512
29557601 10 0 6681609 512
29819744 10 0 6681609 512
30016350 10 0 6681609 512
30212956 10 0 6681609 512
30540635 10 0 6681609 512
30802778 10 0 6681625 512
31327064 10 0 6681625 512
31523671 10 0 6681625 512
31785815 10 0 6681625 512
32047958 10 0 6681625 512
32768854 10 0 6681625 512
32899926 10 0 6681625 512
33227606 10 0 6681625 512
33555286 10 0 6681640 512
34210646 10 0 6681640 512
34341718 10 0 6681640 512
34603863 10 0 6681640 512
34997080 10 0 6681640 512
35652442 10 0 6681640 512
35849051 10 0 6681640 512
36176732 10 0 6681640 512
36635486 10 0 6681656 512
37094242 10 0 6681656 512
37487459 10 0 6681656 512
37946213 10 0 6681656 512
39256944 10 0 6681656 512
39388017 10 0 6681656 512
39650165 10 0 6681656 512
39977847 10 0 6681671 512
40305534 10 0 6681671 512
40371071 10 0 6681671 512
40567682 10 0 6681671 512
40698758 10 0 6681671 512
40829833 10 0 6681671 512
40960911 10 0 6681671 512
41091989 10 0 6681671 512
41223066 10 0 6681687 512
41419683 10 0 6681687 512
41485220 10 0 6681687 512
41550760 10 0 6681687 512
41616299 10 0 6681687 512
41747377 10 0 6681687 512
41747379 10 0 6681687 512
41812918 10 0 6681687 512
41878457 10 0 6681703 512
41878461 10 0 6681703 512
41878462 10 0 6681703 512
41944001 10 0 6681703 512
41944004 10 0 6681703 512
42009544 10 0 6681703 512
42009545 10 0 6681703 512
42009547 10 0 6681718 512
42075085 10 0 6681718 512
42075088 10 0 6681718 512
42075089 10 0 6681718 512
42075092 10 0 6681718 512
42140630 10 0 6681718 512
42140632 10 0 6681718 512
42140633 10 0 6681718 512
42140634 10 0 6681734 512
42140636 10 0 6681734 512
42140637 10 0 6681734 512
42140638 10 0 6681734 512
42140639 10 0 6681734 512
42140640 10 0 6681734 512
42140639 10 0 6681781 512
42075102 10 0 6681781 512
42075100 10 0 6681781 512
42009563 10 0 6681781 512
41944026 10 0 6681781 512
41944024 10 0 6681781 512
41878484 10 0 6681781 512
41812947 10 0 6681781 512
41747409 10 0 6681796 512
41681871 10 0 6681796 512
41616328 10 0 6681796 512
41550791 10 0 6681796 512
41485252 10 0 6681796 512
41354175 10 0 6681796 512
41223096 10 0 6681796 512
41223094 10 0 6681812 512
41092017 10 0 6681812 512
40960939 10 0 6681812 512
40829856 10 0 6681812 512
40764318 10 0 6681812 512
40633240 10 0 6681812 512
40567697 10 0 6681812 512
40502154 10 0 6681812 512
40371074 10 0 6681828 512
40305524 10 0 6681828 512
40174440 10 0 6681828 512
40108895 10 0 6681828 512
40043356 10 0 6681828 512
39912269 10 0 6681828 512
39846718 10 0 6681828 512
39781178 10 0 6681828 512
39781175 10 0 6681843 512
39650088 10 0 6681843 512
39584549 10 0 6681843 512
39518996 10 0 6681843 512
39453457 10 0 6681843 512
39453447 10 0 6681843 512
39322358 10 0 6681843 512
39322354 10 0 6681859 512
39256808 10 0 6681859 512
39125721 10 0 6681859 512
39125712 10 0 6681859 512
39125708 10 0 6681859 512
39060163 10 0 6681859 512
39060153 10 0 6681859 512
38994577 10 0 6681875 512
38994568 10 0 6681875 512
38929017 10 0 6681875 512
38929013 10 0 6681875 512
38929004 10 0 6681875 512
38863458 10 0 6681875 512
38863450 10 0 6681875 512
38863441 10 0 6681890 512
38863433 10 0 6681890 512
38863423 10 0 6681890 512
38797875 10 0 6681890 512
38797872 10 0 6681890 512
38797866 10 0 6681890 512
38732325 10 0 6681890 512
38666783 10 0 6681906 512
38666778 10 0 6681906 512
38601235 10 0 6681906 512
38535694 10 0 6681906 512
38470153 10 0 6681906 512
38470149 10 0 6681906 512
38404610 10 0 6681906 512
38339070 10 0 6681906 512
38273529 10 0 6681921 512
38273527 10 0 6681921 512
38207988 10 0 6681921 512
38207986 10 0 6681921 512
38076912 10 0 6681921 512
38076911 10 0 6681921 512
38076910 10 0 6681921 512
38011373 10 0 6681921 512
38011372 10 0 6681937 512
37945836 10 0 6681937 512
37880300 10 0 6681937 512
37814764 10 0 6681953 512
37749228 10 0 6681953 512
37683692 10 0 6681953 512
37683693 10 0 6681953 512
37618157 10 0 6681968 512
37552622 10 0 6681968 512
37487088 10 0 6681968 512
37421553 10 0 6681968 512
37290485 10 0 6681968 512
37224951 10 0 6681968 512
37159417 10 0 6681968 512
37093883 10 0 6681984 512
36962815 10 0 6681984 512
36962817 10 0 6681984 512
36897284 10 0 6681984 512
36766216 10 0 6681984 512
36700683 10 0 6681984 512
36569616 10 0 6681984 512
36569620 10 0 6681984 512
36438554 10 0 6682000 512
36307490 10 0 6682000 512
36241956 10 0 6682000 512
36110891 10 0 6682000 512
36045362 10 0 6682000 512
35848765 10 0 6682000 512
35783232 10 0 6682000 512
35652167 10 0 6682000 512
35586638 10 0 6682015 512
35455574 10 0 6682015 512
35324510 10 0 6682015 512
35193446 10 0 6682015 512
34996848 10 0 6682015 512
34669184 10 0 6682015 512
34603652 10 0 6682015 512
34407053 10 0 6682015 512
34144920 10 0 6682031 512
33751720 10 0 6682031 512
33686188 10 0 6682031 512
33489590 10 0 6682031 512
33227455 10 0 6682031 512
32768721 10 0 6682031 512
32703190 10 0 6682031 512
32309986 10 0 6682031 512
32047854 10 0 6682046 512
31654650 10 0 6682046 512
31392517 10 0 6682046 512
31064846 10 0 6682046 512
30802712 10 0 6682046 512
30147372 10 0 6682046 512
30081841 10 0 6682046 512
29754171 10 0 6682046 512
29492037 10 0 6682062 512
29229901 10 0 6682062 512
28967767 10 0 6682062 512
28771166 10 0 6682062 512
28509032 10 0 6682062 512
28115832 10 0 6682062 512
27984763 10 0 6682062 512
27788163 10 0 6682062 512
27591562 10 0 6682078 512
27591562 10 0 6682078 514
26870694 10 0 6682078 513
26477492 10 0 6682078 512
26346426 10 0 6682093 512
26346426 10 0 6682093 514
18940237 10 16759319 6686593 513
18940236 10 16759319 6686609 512
18940235 10 16759319 6686609 512
18940234 10 16759319 6686609 512
18940233 10 16759319 6686625 512
18940231 10 16759319 6686625 512
18940230 10 16759319 6686625 512
18940228 10 16759319 6686625 512
19005762 10 16759319 6686625 512
19005761 10 16759319 6686625 512
19005759 10 16759319 6686625 512
19071294 10 14253376 6686640 512
19202363 10 14253376 6686640 512
19202362 10 14253376 6686640 512
19202360 10 14253376 6686640 512
19333430 10 14253376 6686640 512
19398963 10 14253376 6686640 512
19398962 10 14253376 6686640 512
19530032 10 14253376 6686640 512
19595565 10 14253376 6686656 512
19792170 10 14253376 6686656 512
19857704 10 14253376 6686656 512
19923237 10 14253376 6686656 512
20054307 10 14253376 6686656 512
20119840 10 14253376 6686656 512
20316445 10 14253376 6686656 512
20381978 10 14253376 6686656 512
20578583 10 14253376 6686671 512
20906258 10 14253376 6686671 512
20971791 10 14253376 6686671 512
21168396 10 14253376 6686671 512
21430535 10 14253376 6686671 512
21889280 10 14253376 6686671 512
22282488 10 14253376 6686687 512
22544629 10 14253376 6686687 512
22937837 10 14253376 6686687 512
23134444 10 14253376 6686687 512
23396583 10 14253376 6686687 512
23724259 10 14253376 6686687 512
24183005 10 14253376 6686687 512
24314076 10 14253376 6686687 512
24576217 10 14253376 6686703 512
24903892 10 10766755 6686703 512
25231568 10 10766755 6686703 512
25559245 10 10766755 6686703 512
25821385 10 10766755 6686703 512
26083525 10 10766755 6686703 512
26542272 10 10766755 6686703 512
26738879 10 10766755 6686703 512
27001020 10 10766755 6686703 512
27328698 10 10766755 6686718 512
27852981 10 10766755 6686718 512
27918517 10 10766755 6686718 512
28180659 10 10766755 6686718 512
28442802 10 10766755 6686718 512
28901551 10 10766755 6686718 512
28967087 10 10766755 6686718 512
29229230 10 10766755 6686734 512
29491374 10 10766755 6686734 512
29753517 10 10766755 6686734 512
29819053 10 10766755 6686734 512
30015661 10 10766755 6686734 512
30212269 10 10766755 6686734 512
30408877 10 10766755 6686734 512
30605485 10 10766755 6686734 512
30802093 10 10766755 6686750 512
30933165 10 10766755 6686750 512
31129775 10 10766755 6686750 512
31195311 10 10766755 6686750 512
31391921 10 10766755 6686750 512
31588531 10 10766755 6686750 512
31850677 10 10766755 6686750 512
31916215 10 10766755 6686750 512
32047288 10 10766755 6686765 512
32178362 10 13217535 6686765 512
32309435 10 13217535 6686765 512
32440509 10 13217535 6686765 512
32506049 10 13217535 6686765 512
32637123 10 13217535 6686765 512
32833736 10 13217535 6686765 512
32833737 10 13217535 6686781 512
32964811 10 13217535 6686781 512
33030351 10 13217535 6686781 512
33161429 10 13217535 6686781 512
33226966 10 13217535 6686781 512
33292505 10 13217535 6686781 512
33358045 10 13217535 6686781 512
33489124 10 13217535 6686781 512
33489127 10 13217535 6686796 512
33554667 10 13217535 6686796 512
33620207 10 13217535 6686796 512
33685753 10 13217535 6686796 512
33751291 10 13217535 6686796 512
33751296 10 13217535 6686796 512
33816837 10 13217535 6686796 512
33816847 10 13217535 6686796 512
33816850 10 13217535 6686812 512
33816856 10 13217535 6686812 512
33816858 10 13217535 6686812 512
33816868 10 13217535 6686812 512
33816875 10 13217535 6686812 512
33816878 10 13217535 6686812 512
33751353 10 13217535 6686812 512
33685829 10 13217535 6686812 512
33620296 10 13217535 6686828 512
33554763 10 13217535 6686828 512
33489239 10 3550702 6686828 512
33423706 10 3550702 6686828 512
33292645 10 3550702 6686828 512
33227111 10 3550702 6686828 512
33227118 10 3550702 6686828 512
32899449 10 3550702 6686828 512
32833916 10 3550702 6686843 512
32637315 10 3550702 6686843 512
32047513 10 3550702 6686843 512
31981979 10 3550702 6686843 512
31785378 10 3550702 6686843 512
31523240 10 3550702 6686843 512
31195570 10 3550702 6686843 512
31130036 10 3550702 6686859 512
30933431 10 3550702 6686859 512
30671293 10 3550702 6686859 512
30015942 10 3550702 6686859 512
29819338 10 3550702 6686859 512
29557198 10 3550702 6686859 512
29229522 10 3550702 6686859 512
28901846 10 3550702 6686875 512
28639706 10 3550702 6686875 512
28312030 10 3550702 6686875 512
27460070 10 3550702 6686875 512
27132393 10 3550702 6686875 512
26739181 10 3550702 6686875 512
26280433 10 3550702 6686875 512
26149362 10 2588671 6686890 512
25821685 10 2588671 6686890 512
25428472 10 2588671 6686890 512
25100795 10 2588671 6686890 512
24379905 10 2588671 6686890 512
24117762 10 2588671 6686890 512
23659013 10 2588671 6686890 512
23527942 10 2588671 6686906 512
23265800 10 2588671 6686906 512
23069193 10 2588671 6686906 512
22741515 10 2588671 6686906 512
22544908 10 2588671 6686906 512
22282766 10 2588671 6686906 512
21955087 10 2588671 6686906 512
21758480 10 2588671 6686921 512
21496337 10 2588671 6686921 512
21168658 10 2588671 6686921 512
20906515 10 2588671 6686921 512
20447765 10 2588671 6686921 512
20382229 10 2588671 6686921 512
20120086 10 2588671 6686921 512
19923478 10 2588671 6686921 512
19399191 10 2588671 6686937 512
19333655 10 2588671 6686937 512
19071512 10 2588671 6686937 512
18874904 10 2588671 6686937 512
18481689 10 2588671 6686937 512
18350617 10 2588671 6686937 512
18154009 10 2588671 6686937 512
18022937 10 2588671 6686937 512
17826329 10 2588671 6686953 512
17629721 10 62207 6686953 512
17433113 10 62207 6686953 512
17236504 10 62207 6686953 512
17105431 10 62207 6686953 512
16843285 10 62207 6686953 512
16712211 10 62207 6686953 512
16581139 10 62207 6686968 512
16450065 10 62207 6686968 512
16318992 10 62207 6686968 512
16187918 10 62207 6686968 512
16056845 10 62207 6686968 512
15925771 10 62207 6686968 512
15794697 10 62207 6686968 512
15729160 10 62207 6686984 512
15598086 10 62207 6686984 512
15467012 10 62207 6686984 512
15270400 10 62207 6686984 512
15270399 10 62207 6686984 512
15204862 10 62207 6686984 512
15139324 10 62207 6687000 512
15073786 10 62207 6687000 512
15073785 10 62207 6687000 512
15008248 10 62207 6687000 512
15008246 10 62207 6687000 512
15008243 10 62207 6687000 512
14942706 10 62207 6687000 512
14942704 10 1498737 6687015 512
14942702 10 1498737 6687015 512
14942701 10 1498737 6687015 512
14942699 10 1498737 6687015 512
14942698 10 1498737 6687015 512
14942697 10 1498737 6687015 512
14942696 10 1498737 6687015 512
15073765 10 1498737 6687031 512
15073764 10 1498737 6687031 512
15139299 10 1498737 6687031 512
15204833 10 1498737 6687031 512
15335903 10 1498737 6687031 512
15401438 10 1498737 6687031 512
15532508 10 1498737 6687031 512
15663577 10 1498737 6687046 512
15794648 10 1498737 6687046 512
15991254 10 1498737 6687046 512
16122324 10 1498737 6687046 512
16253394 10 1498737 6687046 512
16646607 10 1498737 6687046 512
16712142 10 1498737 6687046 512
16974285 10 1498737 6687062 512
17170890 10 1498737 6687062 512
17367496 10 1498737 6687062 512
17695174 10 1498737 6687062 512
17891781 10 1498737 6687062 512
18219458 10 1498737 6687062 512
18940350 10 1498737 6687062 512
20185525 10 6471182 6687078 512
20316596 10 6471182 6687078 512
20644274 10 6471182 6687078 512
20906417 10 6471182 6687078 512
21496237 10 6471182 6687078 512
21561773 10 6471182 6687078 512
21758380 10 6471182 6687093 512
21889451 10 6471182 6687093 512
22348201 10 6471182 6687093 512
22413737 10 6471182 6687093 512
22610343 10 6471182 6687093 512
22806950 10 6471182 6687093 512
23200164 10 6471182 6687093 512
23265700 10 6471182 6687093 512
23462308 10 6471182 6687109 512
23724451 10 6471182 6687109 512
24052130 10 6471182 6687109 512
24183202 10 6471182 6687109 512
24379810 10 6471182 6687109 512
24576418 10 6471182 6687109 512
24838562 10 6471182 6687109 512
24904098 10 6471182 6687109 512
25035170 10 6471182 6687125 512
25231778 10 6471182 6687125 512
25493922 10 6471182 6687125 512
25559458 10 6471182 6687125 512
25690530 10 6471182 6687125 512
25887139 10 6471182 6687125 512
26018212 10 6471182 6687125 512
26149284 10 6471182 6687125 512
26280358 10 16759319 6687140 512
26476967 10 16759319 6687140 512
26673578 10 16759319 6687140 512
26673579 10 16759319 6687140 512
26870188 10 16759319 6687140 512
27001261 10 16759319 6687140 512
27197872 10 16759319 6687140 512
27263409 10 16759319 6687156 512
27394482 10 16759319 6687156 512
27525556 10 16759319 6687156 512
27787705 10 16759319 6687156 512
27853242 10 16759319 6687156 512
27918780 10 16759319 6687156 512
27984319 10 16759319 6687156 512
28180932 10 16759319 6687156 512
28246469 10 16759319 6687171 512
28312007 10 16759319 6687171 512
28443082 10 16759319 6687171 512
28574158 10 16759319 6687171 512
28574161 10 16759319 6687171 512
28705236 10 16759319 6687171 512
28836313 10 16759319 6687171 512
28967390 10 16759319 6687171 512
28967392 10 16759319 6687187 512
29032930 10 16759319 6687187 512
29032933 10 16759319 6687187 512
29164009 10 16759319 6687187 512
29164011 10 16759319 6687187 512
29229550 10 16759319 6687187 512
29229553 10 16759319 6687187 512
29295093 10 16759319 6687187 512
29295094 10 14253376 6687203 512
29295096 10 14253376 6687203 512
29295099 10 14253376 6687203 512
29295103 10 14253376 6687203 512
29295105 10 14253376 6687203 512
29295108 10 14253376 6687203 512
29295110 10 14253376 6687203 512
29229577 10 14253376 6687203 512
29164043 10 14253376 6687218 512
29098510 10 14253376 6687218 512
29032977 10 14253376 6687218 512
28901909 10 14253376 6687218 512
28901911 10 14253376 6687218 512
28770842 10 14253376 6687218 512
28574237 10 14253376 6687218 512
28443171 10 14253376 6687218 512
28312101 10 14253376 6687234 512
28246568 10 14253376 6687234 512
28049963 10 14253376 6687234 512
27853359 10 14253376 6687234 512
27722290 10 14253376 6687234 512
27525685 10 14253376 6687234 512
27394616 10 14253376 6687234 512
26870335 10 14253376 6687234 512
26739265 10 14253376 6687250 512
26477124 10 14253376 6687250 512
26149449 10 14253376 6687250 512
25690704 10 14253376 6687250 512
25625169 10 14253376 6687250 512
25297493 10 14253376 6687250 512
24969817 10 14253376 6687250 512
24773212 10 14253376 6687250 512
24511071 10 10766755 6687265 512
24380001 10 10766755 6687265 512
24248931 10 10766755 6687265 512
24117859 10 10766755 6687265 512
23921253 10 10766755 6687265 512
23790182 10 10766755 6687265 512
23593577 10 10766755 6687265 512
23396970 10 10766755 6687281 512
23134829 10 10766755 6687281 512
22807152 10 10766755 6687281 512
22610545 10 10766755 6687281 512
22151798 10 10766755 6687281 512
22020726 10 10766755 6687281 512
21824120 10 10766755 6687281 512
21627514 10 10766755 6687296 512
21234299 10 10766755 6687296 512
21168764 10 10766755 6687296 512
21037693 10 10766755 6687296 512
20841086 10 10766755 6687296 512
20710014 10 10766755 6687296 512
20644479 10 10766755 6687296 512
20513407 10 10766755 6687296 512
20382335 10 10766755 6687296 512
20251263 10 10766755 6687312 512
20120192 10 10766755 6687312 512
20054656 10 10766755 6687312 512
19726976 10 10766755 6687312 512
19595904 10 10766755 6687312 512
19464832 10 10766755 6687312 512
19399295 10 10766755 6687328 512
19202687 10 13217535 6687328 512
19137151 10 13217535 6687328 512
18940542 10 13217535 6687328 512
18809469 10 13217535 6687328 512
18678396 10 13217535 6687328 512
18612860 10 13217535 6687328 512
18481787 10 13217535 6687328 512
18416250 10 13217535 6687343 512
18219640 10 13217535 6687343 512
18154103 10 13217535 6687343 512
18088566 10 13217535 6687343 512
18023030 10 13217535 6687343 512
17957492 10 13217535 6687343 512
17891955 10 13217535 6687343 512
17826418 10 13217535 6687343 512
17760880 10 13217535 6687359 512
17760879 10 13217535 6687359 512
17695342 10 13217535 6687359 512
17695341 10 13217535 6687375 512
17695340 10 13217535 6687375 512
17760876 10 3550702 6687390 512
17826411 10 3550702 6687390 512
17891947 10 3550702 6687390 512
18023019 10 3550702 6687390 512
18154090 10 3550702 6687390 512
18219625 10 3550702 6687390 512
18350696 10 3550702 6687406 512
18612840 10 3550702 6687406 512
18743912 10 3550702 6687406 512
18940519 10 3550702 6687406 512
19071590 10 3550702 6687406 512
19268197 10 3550702 6687406 512
19530341 10 3550702 6687406 512
19726949 10 3550702 6687421 512
19989093 10 3550702 6687421 512
20447844 10 3550702 6687421 512
20578916 10 3550702 6687421 512
20841060 10 3550702 6687421 512
21234276 10 3550702 6687421 512
21496420 10 3550702 6687421 512
21824100 10 3550702 6687421 512
22217316 10 3550702 6687437 512
22544996 10 3550702 6687437 512
23200357 10 3550702 6687437 512
23331430 10 3550702 6687437 512
23659111 10 3550702 6687437 512
24052328 10 3550702 6687437 512
24707691 10 3550702 6687437 512
24838765 10 3550702 6687437 512
25166447 10 2588671 6687453 512
25559666 10 2588671 6687453 512
25952885 10 2588671 6687453 512
26346104 10 2588671 6687453 512
26804859 10 2588671 6687453 512
27132542 10 2588671 6687453 512
27394690 10 2588671 6687453 512
27722373 10 2588671 6687453 512
28050057 10 2588671 6687468 512
28377740 10 2588671 6687468 512
28770963 10 2588671 6687468 512
28836500 10 2588671 6687468 512
29033110 10 2588671 6687468 512
29229722 10 2588671 6687468 512
29622945 10 2588671 6687468 512
29688483 10 2588671 6687468 512
29885095 10 2588671 6687484 512
30081708 10 2588671 6687484 512
30278322 10 2588671 6687484 512
30474934 10 2588671 6687484 512
30671548 10 2588671 6687484 512
30868164 10 2588671 6687484 512
31195856 10 2588671 6687484 512
31195858 10 2588671 6687484 512
31392471 10 2588671 6687500 512
31523549 10 2588671 6687500 512
31720167 10 2588671 6687500 512
31785705 10 2588671 6687500 512
31851247 10 2588671 6687500 512
32113412 10 2588671 6687500 512
32178951 10 2588671 6687515 512
32178957 10 2588671 6687515 512
32178962 10 2588671 6687515 512
32310045 10 2588671 6687515 512
32310048 10 2588671 6687515 512
32310055 10 2588671 6687515 512
32310060 10 2588671 6687515 512
32310067 10 2588671 6687515 512
32310074 10 62207 6687531 512
32310079 10 62207 6687531 512
32310086 10 62207 6687531 512
32310097 10 62207 6687531 512
32310100 10 62207 6687531 512
32179034 10 62207 6687531 512
32113505 10 62207 6687531 512
31916908 10 62207 6687531 512
31851374 10 62207 6687546 512
31720309 10 62207 6687546 512
31523708 10 62207 6687546 512
31130505 10 62207 6687546 512
31064971 10 62207 6687546 512
30933904 10 62207 6687546 512
30606232 10 62207 6687546 512
30278561 10 62207 6687562 512
30147492 10 62207 6687562 512
29885354 10 62207 6687562 512
29557680 10 62207 6687562 512
29295541 10 62207 6687562 512
28967867 10 62207 6687562 512
28640192 10 62207 6687562 512
28246981 10 62207 6687562 512
27657166 10 62207 6687578 512
27526095 10 62207 6687578 512
27263956 10 62207 6687578 512
26936280 10 62207 6687578 512
26608604 10 62207 6687578 512
26411998 10 62207 6687578 512
26084321 10 62207 6687578 512
25822180 10 1498737 6687578 512
25428967 10 1498737 6687593 512
25297895 10 1498737 6687593 512
25101288 10 1498737 6687593 512
24970217 10 1498737 6687593 512
24708075 10 1498737 6687593 512
24642539 10 1498737 6687593 512
24445931 10 1498737 6687593 512
24249323 10 1498737 6687609 512
24052715 10 1498737 6687609 512
23921643 10 1498737 6687609 512
23790571 10 1498737 6687609 512
23593963 10 1498737 6687609 512
23462889 10 1498737 6687609 512
23266280 10 1498737 6687609 512
23135206 10 1498737 6687625 512
22873060 10 1498737 6687625 512
22807523 10 1498737 6687625 512
22676450 10 1498737 6687625 512
22545375 10 1498737 6687625 512
22348765 10 1498737 6687625 512
22217690 10 1498737 6687625 512
22021079 10 1498737 6687625 512
21955540 10 1498737 6687640 512
21693391 10 1498737 6687640 512
21496777 10 1498737 6687640 512
21365701 10 1498737 6687640 512
21103550 10 1498737 6687640 512
21038011 10 1498737 6687640 512
20972471 10 1498737 6687640 512
20841395 10 6471182 6687656 512
20644778 10 6471182 6687656 512
20579241 10 6471182 6687656 512
20448165 10 6471182 6687656 512
20382624 10 6471182 6687656 512
20251544 10 6471182 6687656 512
20251542 10 6471182 6687656 512
20186003 10 6471182 6687656 512
20185997 10 6471182 6687671 512
20120457 10 6471182 6687671 512
20054918 10 6471182 6687671 512
20054914 10 6471182 6687671 512
20054911 10 6471182 6687671 512
20054907 10 6471182 6687671 512
20054903 10 6471182 6687671 512
20054898 10 6471182 6687671 512
20120430 10 6471182 6687687 512
20251494 10 6471182 6687687 512
20317028 10 6471182 6687687 512
20317026 10 6471182 6687687 512
20448094 10 6471182 6687687 512
20710231 10 6471182 6687687 512
20775765 10 6471182 6687687 512
20906833 10 6471182 6687687 512
21103435 10 16759319 6687703 512
21365572 10 16759319 6687703 512
21431106 10 16759319 6687703 512
21627710 10 16759319 6687703 512
21889849 10 16759319 6687703 512
22086453 10 16759319 6687703 512
22414128 10 16759319 6687703 512
22676267 10 16759319 6687703 512
23003943 10 16759319 6687718 512
23462687 10 16759319 6687718 512
23593757 10 16759319 6687718 512
23855898 10 16759319 6687718 512
24183574 10 16759319 6687718 512
24511251 10 16759319 6687718 512
24904463 10 16759319 6687718 512
25232139 10 16759319 6687718 512
25428746 10 16759319 6687734 512
25887492 10 16759319 6687734 512
26018564 10 16759319 6687734 512
26280705 10 16759319 6687734 512
26673919 10 16759319 6687734 512
26936061 10 16759319 6687734 512
27198204 10 16759319 6687734 512
27460346 10 16759319 6687750 512
27722489 10 16759319 6687750 512
27984631 10 16759319 6687750 512
28181239 10 16759319 6687750 512
28443383 10 16759319 6687750 512
28639990 10 16759319 6687750 512
28771062 10 16759319 6687750 512
28902133 10 16759319 6687750 512
29098741 10 14253376 6687765 512
29360885 10 14253376 6687765 512
29819637 10 14253376 6687765 512
29885173 10 14253376 6687765 512
30081781 10 14253376 6687765 512
30278389 10 14253376 6687765 512
30671607 10 14253376 6687765 512
30737143 10 14253376 6687765 512
30933752 10 14253376 6687781 512
31195898 10 14253376 6687781 512
31589117 10 14253376 6687781 512
31654653 10 14253376 6687781 512
31785728 10 14253376 6687781 512
32047874 10 14253376 6687781 512
32244486 10 14253376 6687781 512
32375559 10 14253376 6687781 512
32506634 10 14253376 6687796 512
32703245 10 14253376 6687796 512
32965394 10 14253376 6687796 512
33030931 10 14253376 6687796 512
33162007 10 14253376 6687796 512
33293082 10 14253376 6687796 512
33555235 10 14253376 6687796 512
33620773 10 14253376 6687796 512
33751850 10 14253376 6687812 512
33948464 10 14253376 6687812 512
34079543 10 14253376 6687812 512
34210621 10 14253376 6687812 512
34341698 10 14253376 6687812 512
34407241 10 14253376 6687812 512
34603860 10 14253376 6687812 512
34603862 10 14253376 6687812 512
34734941 10 10766755 6687828 512
34800482 10 10766755 6687828 512
34931571 10 10766755 6687828 512
34997115 10 10766755 6687828 512
34997122 10 10766755 6687828 512
34997134 10 10766755 6687828 512
34997137 10 10766755 6687843 512
34997143 10 10766755 6687843 512
34997151 10 10766755 6687843 512
34931627 10 10766755 6687843 512
34866094 10 10766755 6687843 512
34735031 10 10766755 6687843 512
34669500 10 10766755 6687843 512
34538435 10 10766755 6687843 512
34407370 10 10766755 6687859 512
34210770 10 10766755 6687859 512
34014169 10 10766755 6687859 512
33686501 10 10766755 6687859 512
33555431 10 10766755 6687859 512
33358829 10 10766755 6687859 512
33162227 10 10766755 6687859 512
32834556 10 10766755 6687859 512
32703487 10 10766755 6687875 512
32441348 10 10766755 6687875 512
32179209 10 10766755 6687875 512
31851535 10 10766755 6687875 512
31589396 10 10766755 6687875 512
31196186 10 10766755 6687875 512
30934047 10 10766755 6687875 512
30540836 10 10766755 6687875 512
30213161 10 13217535 6687890 512
29819950 10 13217535 6687890 512
29492273 10 13217535 6687890 512
28967991 10 13217535 6687890 512
28836920 10 13217535 6687890 512
28574779 10 13217535 6687890 512
28247101 10 13217535 6687890 512
27984959 10 13217535 6687906 512
27722817 10 13217535 6687906 512
27460674 10 13217535 6687906 512
27264066 10 13217535 6687906 512
26936388 10 13217535 6687906 512
26870852 10 13217535 6687906 512
26674245 10 13217535 6687906 512
26543173 10 13217535 6687906 512
26412101 10 13217535 6687921 512
26281029 10 13217535 6687921 512
26149957 10 13217535 6687921 512
25953349 10 13217535 6687921 512
25756741 10 13217535 6687921 512
25691205 10 13217535 6687921 512
25560133 10 13217535 6687921 512
25429060 10 13217535 6687921 512
25232450 10 13217535 6687937 512
25166913 10 13217535 6687937 512
25035840 10 13217535 6687937 512
24970302 10 13217535 6687937 512
24970301 10 13217535 6687937 512
24839228 10 13217535 6687937 512
24839226 10 13217535 6687953 512
24773688 10 3550702 6687953 512
24708151 10 3550702 6687953 512
24708150 10 3550702 6687953 512
24708148 10 3550702 6687953 512
24708145 10 3550702 6687953 512
24708144 10 3550702 6687953 512
24708142 10 3550702 6687953 512
24708140 10 3550702 6687968 512
24708136 10 3550702 6687968 512
24708134 10 3550702 6687968 512
24839203 10 3550702 6687968 512
24904736 10 3550702 6687968 512
24970271 10 3550702 6687968 512
25035805 10 3550702 6687968 512
25232410 10 3550702 6687984 512
25363479 10 3550702 6687984 512
25560085 10 3550702 6687984 512
25756689 10 3550702 6687984 512
26018830 10 3550702 6687984 512
26215435 10 3550702 6687984 512
26543112 10 3550702 6687984 512
26870789 10 3550702 6687984 512
27264002 10 3550702 6688000 512
27526143 10 3550702 6688000 512
27984891 10 3550702 6688000 512
28378103 10 3550702 6688000 512
28902388 10 3550702 6688000 512
29688815 10 3550702 6688000 512
29885421 10 3550702 6688000 512
30475242 10 3550702 6688000 512
30999527 10 3550702 6688015 512
31917025 10 2588671 6688015 512
32179167 10 2588671 6688015 512
32703452 10 2588671 6688015 512
33227738 10 2588671 6688015 512
33817559 10 2588671 6688015 512
34341846 10 2588671 6688015 512
34866132 10 2588671 6688015 512
35390417 10 2588671 6688031 512
36242382 10 2588671 6688031 512
36438990 10 2588671 6688031 512
36832205 10 2588671 6688031 512
37356492 10 2588671 6688031 512
37815244 10 2588671 6688031 512
38208460 10 2588671 6688031 512
38667212 10 2588671 6688031 512
39060428 10 2588671 6688046 512
39584718 10 2588671 6688046 512
39715791 10 2588671 6688046 512
40043473 10 2588671 6688046 512
40305619 10 2588671 6688046 512
40698839 10 2588671 6688046 512
40829912 10 2588671 6688046 512
40960986 10 2588671 6688046 512
41092060 10 2588671 6688062 512
41288671 10 2588671 6688062 512
41419747 10 2588671 6688062 512
41550822 10 2588671 6688062 512
41681897 10 2588671 6688062 512
41878511 10 2588671 6688062 512
41944049 10 2588671 6688062 512
42075124 10 62207 6688078 512
42140663 10 62207 6688078 512
42271741 10 62207 6688078 512
42271743 10 62207 6688078 512
42402818 10 62207 6688078 512
42468357 10 62207 6688078 512
42533900 10 62207 6688078 512
42533902 10 62207 6688078 512
42599442 10 62207 6688093 512
42664982 10 62207 6688093 512
42664989 10 62207 6688093 512
42730527 10 62207 6688093 512
42730530 10 62207 6688093 512
42730534 10 62207 6688093 512
42730541 10 62207 6688093 512
42730542 10 62207 6688093 512
42730546 10 62207 6688109 512
42730550 10 62207 6688109 512
42730556 10 62207 6688109 512
42730557 10 62207 6688109 512
42730560 10 62207 6688109 512
42665027 10 62207 6688109 512
42599493 10 62207 6688109 512
42533959 10 62207 6688109 512
42468426 10 62207 6688125 512
42402892 10 62207 6688125 512
42271823 10 62207 6688125 512
42271824 10 62207 6688125 512
42206289 10 62207 6688125 512
42140754 10 62207 6688125 512
42075219 10 62207 6688125 512
42009684 10 62207 6688125 512
41944149 10 1498737 6688140 512
41878614 10 1498737 6688140 512
41747543 10 1498737 6688140 512
41682007 10 1498737 6688140 512
41682008 10 1498737 6688140 512
41616472 10 1498737 6688140 512
41419864 10 1498737 6688140 512
41354328 10 1498737 6688156 512
41288792 10 1498737 6688156 512
41223256 10 1498737 6688156 512
41157720 10 1498737 6688156 512
41092184 10 1498737 6688156 512
40961112 10 1498737 6688156 512
40895576 10 1498737 6688156 512
40830039 10 1498737 6688171 512
40633431 10 1498737 6688171 512
40567893 10 1498737 6688171 512
40371283 10 1498737 6688171 512
40240210 10 1498737 6688171 512
40174673 10 1498737 6688171 512
40043598 10 1498737 6688171 512
39846988 10 1498737 6688171 512
39715914 10 1498737 6688187 512
39519302 10 1498737 6688187 512
39388227 10 1498737 6688187 512
39191614 10 1498737 6688187 512
38995001 10 1498737 6688187 512
38798388 10 1498737 6688187 512
38601774 10 1498737 6688187 512
38470695 10 1498737 6688187 512
38274078 10 1498737 6688203 512
37880837 10 6471182 6688203 512
37749747 10 6471182 6688203 512
37684208 10 6471182 6688203 512
37553126 10 6471182 6688203 512
37422045 10 6471182 6688203 512
37225418 10 6471182 6688203 512
37159878 10 6471182 6688218 512
37094331 10 6471182 6688218 512
37028781 10 6471182 6688218 512
36897689 10 6471182 6688218 512
36832147 10 6471182 6688218 512
36766598 10 6471182 6688218 512
36569978 10 6471182 6688218 512
36504428 10 6471182 6688218 512
36438880 10 6471182 6688234 512
36373331 10 6471182 6688234 512
36307782 10 6471182 6688234 512
36242234 10 6471182 6688234 512
36111147 10 6471182 6688234 512
36045596 10 6471182 6688234 512
35914509 10 6471182 6688234 512
35914497 10 6471182 6688234 512
35848947 10 6471182 6688250 512
35783397 10 6471182 6688250 512
35717809 10 6471182 6688250 512
35717804 10 6471182 6688250 512
35717789 10 6471182 6688250 512
35717777 10 6471182 6688250 512
35717764 10 6471182 6688265 512
35717752 10 6471182 6688265 512
35717740 10 16759319 6688265 512
35717728 10 16759319 6688265 512
35717706 10 16759319 6688265 512
35717702 10 16759319 6688265 512
35717691 10 16759319 6688265 512
35717682 10 16759319 6688265 512
35717667 10 16759319 6688281 512
35717663 10 16759319 6688281 512
35783191 10 16759319 6688281 512
35848719 10 16759319 6688281 512
35979778 10 16759319 6688281 512
35979775 10 16759319 6688281 512
36045306 10 16759319 6688281 512
36110837 10 16759319 6688281 512
36241903 10 16759319 6688296 512
36372970 10 16759319 6688296 512
36438503 10 16759319 6688296 512
36504036 10 16759319 6688296 512
36766175 10 16759319 6688296 512
36831710 10 16759319 6688296 512
36962779 10 16759319 6688296 512
37093849 10 16759319 6688296 512
37224920 10 16759319 6688312 512
37355990 10 16759319 6688312 512
37421525 10 16759319 6688312 512
37618133 10 16759319 6688312 512
37814740 10 16759319 6688312 512
37880276 10 16759319 6688312 512
38011348 10 16759319 6688312 512
38142420 10 16759319 6688328 512
38404564 10 16759319 6688328 512
38470100 10 16759319 6688328 512
38666708 10 14253376 6688328 512
38863318 10 14253376 6688328 512
39059928 10 14253376 6688328 512
39322074 10 14253376 6688328 512
39453148 10 14253376 6688328 512
39584222 10 14253376 6688343 512
39911906 10 14253376 6688343 512
39977443 10 14253376 6688343 512
40174054 10 14253376 6688343 512
40239593 10 14253376 6688343 512
40501743 10 14253376 6688343 512
40632816 10 14253376 6688343 512
40698356 10 14253376 6688343 512
40894968 10 14253376 6688359 512
41157121 10 14253376 6688359 512
41288195 10 14253376 6688359 512
41419271 10 14253376 6688359 512
41615885 10 14253376 6688359 512
41812504 10 14253376 6688359 512
41878042 10 14253376 6688359 512
42009120 10 14253376 6688359 512
42074662 10 14253376 6688375 512
42205741 10 14253376 6688375 512
42336820 10 14253376 6688375 512
42467897 10 14253376 6688375 512
42533440 10 14253376 6688375 512
42664523 10 14253376 6688375 512
42664525 10 14253376 6688375 512
42730067 10 14253376 6688375 512
42795610 10 14253376 6688390 512
42795622 10 14253376 6688390 512
42861161 10 10766755 6688390 512
42861168 10 10766755 6688390 512
42861175 10 10766755 6688390 512
42861187 10 10766755 6688390 512
42861190 10 10766755 6688390 512
42861196 10 10766755 6688406 512
42861204 10 10766755 6688406 512
42861216 10 10766755 6688406 512
42861219 10 10766755 6688406 512
42861225 10 10766755 6688406 512
42795696 10 10766755 6688406 512
42599101 10 10766755 6688406 512
42533568 10 10766755 6688406 512
42402503 10 10766755 6688421 512
42271440 10 10766755 6688421 512
41943771 10 10766755 6688421 512
41943773 10 10766755 6688421 512
41812705 10 10766755 6688421 512
41681638 10 10766755 6688421 512
41419501 10 10766755 6688421 512
41353966 10 10766755 6688421 512
41091827 10 10766755 6688437 512
40960758 10 10766755 6688437 512
40502012 10 10766755 6688437 512
40436477 10 10766755 6688437 512
40305407 10 10766755 6688437 512
40043266 10 10766755 6688437 512
39846660 10 10766755 6688437 512
39650053 10 10766755 6688437 512
39322375 10 10766755 6688453 512
39125768 10 13217535 6688453 512
38929161 10 13217535 6688453 512
38667017 10 13217535 6688453 512
38470409 10 13217535 6688453 512
38208265 10 13217535 6688453 512
37749513 10 13217535 6688453 512
37618441 10 13217535 6688453 512
37421831 10 13217535 6688468 512
37159685 10 13217535 6688468 512
36635394 10 13217535 6688468 512
36504321 10 13217535 6688468 512
36242174 10 13217535 6688468 512
35980028 10 13217535 6688468 512
35717880 10 13217535 6688468 512
35390197 10 13217535 6688468 512
35193585 10 13217535 6688484 512
34865901 10 13217535 6688484 512
34603753 10 13217535 6688484 512
34341604 10 13217535 6688484 512
34079455 10 13217535 6688484 512
33882843 10 13217535 6688484 512
33489619 10 13217535 6688484 512
33424081 10 13217535 6688500 512
33161930 10 13217535 6688500 512
32834243 10 13217535 6688500 512
32572091 10 13217535 6688500 512
32375476 10 13217535 6688500 512
32047788 10 13217535 6688500 512
31851173 10 13217535 6688500 512
31195789 10 13217535 6688515 512
30933635 10 3550702 6688515 512
30737018 10 3550702 6688515 512
30540400 10 3550702 6688515 512
30278247 10 3550702 6688515 512
30147167 10 3550702 6688515 512
30016086 10 3550702 6688515 512
29885004 10 3550702 6688515 512
29753924 10 3550702 6688531 512
29622842 10 3550702 6688531 512
29557298 10 3550702 6688531 512
29491747 10 3550702 6688531 512
29491742 10 3550702 6688531 512
29426198 10 3550702 6688531 512
29426187 10 3550702 6688531 512
29426178 10 3550702 6688531 512
29426169 10 3550702 6688546 512
29426161 10 3550702 6688546 512
29426153 10 3550702 6688546 512
29426139 10 3550702 6688546 512
29426135 10 3550702 6688546 512
29491663 10 3550702 6688546 512
29557191 10 3550702 6688546 512
29688254 10 3550702 6688546 512
29819319 10 3550702 6688562 512
30015919 10 3550702 6688562 512
30212520 10 3550702 6688562 512
30474653 10 3550702 6688562 512
30605721 10 3550702 6688562 512
30802324 10 3550702 6688562 512
30998926 10 3550702 6688562 512
31261061 10 3550702 6688562 512
31326596 10 2588671 6688578 512
31457664 10 2588671 6688578 512
31654269 10 2588671 6688578 512
31981944 10 2588671 6688578 512
32637294 10 2588671 6688578 512
32833899 10 2588671 6688578 512
33358181 10 2588671 6688593 512
33489252 10 2588671 6688593 512
33685859 10 2588671 6688593 512
34013536 10 2588671 6688593 512
34406750 10 2588671 6688593 512
34537821 10 2588671 6688593 512
34734428 10 2588671 6688593 512
34931036 10 2588671 6688609 512
35324252 10 2588671 6688609 512
35455324 10 2588671 6688609 512
35717468 10 2588671 6688609 512
35914076 10 2588671 6688609 512
36307294 10 2588671 6688609 512
36372831 10 2588671 6688609 512
36634976 10 2588671 6688609 512
36897122 10 2588671 6688609 512
37290341 10 2588671 6688625 512
37421415 10 2588671 6688625 512
37618024 10 2588671 6688625 512
37880172 10 2588671 6688625 512
38273393 10 2588671 6688625 512
38404466 10 2588671 6688625 512
38601078 10 62207 6688656 512
38863225 10 62207 6688656 512
39256449 10 62207 6688656 512
39321986 10 62207 6688656 512
39584136 10 62207 6688656 512
39780748 10 62207 6688656 512
40108438 10 62207 6688656 512
40173977 10 62207 6688656 512
40370592 10 62207 6688656 512
40567208 10 62207 6688656 512
40894899 10 62207 6688656 512
40960437 10 62207 6688656 512
41091515 10 62207 6688656 512
41288130 10 62207 6688656 512
41419209 10 62207 6688656 512
41550288 10 62207 6688671 512
41812448 10 62207 6688671 512
41943532 10 62207 6688687 512
41943610 10 62207 6688687 512
41943612 10 62207 6688687 512
41812544 10 62207 6688687 512
41681478 10 62207 6688703 512
41484874 10 1498737 6688703 512
41353807 10 1498737 6688703 512
41091668 10 1498737 6688703 512
40960599 10 1498737 6688703 512
40632924 10 1498737 6688703 512
40567389 10 1498737 6688703 512
40370784 10 1498737 6688703 512
40043107 10 1498737 6688718 512
39584358 10 1498737 6688718 512
39518822 10 1498737 6688718 512
39256680 10 1498737 6688718 512
38994537 10 1498737 6688718 512
38732395 10 1498737 6688718 512
38470251 10 1498737 6688718 512
38142572 10 1498737 6688734 512
37880428 10 1498737 6688734 512
37618285 10 1498737 6688734 512
37356141 10 1498737 6688734 512
36962925 10 1498737 6688734 512
36700781 10 1498737 6688734 512
36110956 10 1498737 6688734 512
35914347 10 1498737 6688734 512
35586666 10 1498737 6688750 512
35324521 10 1498737 6688750 512
34996839 10 1498737 6688750 512
34603621 10 1498737 6688750 512
34210402 10 1498737 6688750 512
33882719 10 1498737 6688750 512
33292891 10 1498737 6688750 512
33161817 10 1498737 6688750 512
32899671 10 1498737 6688765 512
32637523 10 1498737 6688765 512
32506449 10 6471182 6688765 512
32178764 10 6471182 6688765 512
31916616 10 6471182 6688765 512
31654469 10 6471182 6688765 512
31326781 10 6471182 6688765 512
31326780 10 6471182 6688765 512
31130168 10 6471182 6688781 512
30933555 10 6471182 6688781 512
30802480 10 6471182 6688781 512
30671403 10 6471182 6688781 512
30540325 10 6471182 6688781 512
30409247 10 6471182 6688781 512
30278170 10 6471182 6688781 512
30147093 10 6471182 6688781 512
30081553 10 6471182 6688796 512
30016012 10 6471182 6688796 512
30016008 10 6471182 6688796 512
29950466 10 6471182 6688796 512
29884927 10 6471182 6688796 512
29819387 10 6471182 6688796 512
29819378 10 6471182 6688796 512
29819374 10 6471182 6688812 512
29819371 10 6471182 6688812 512
29819363 10 6471182 6688812 512
29819362 10 6471182 6688812 512
29950430 10 6471182 6688812 512
29950427 10 6471182 6688812 512
30081494 10 6471182 6688812 512
30212562 10 6471182 6688828 512
30409166 10 6471182 6688828 512
30474698 10 6471182 6688828 512
30671302 10 16759319 6688828 512
30867906 10 16759319 6688828 512
30998974 10 16759319 6688828 512
31261114 10 16759319 6688828 512
31654323 10 16759319 6688828 512
31850930 10 16759319 6688843 512
32047534 10 16759319 6688843 512
32375210 10 16759319 6688843 512
32637351 10 16759319 6688843 512
33030563 10 16759319 6688843 512
33882525 10 16759319 6688843 512
35062163 10 16759319 6688859 512
35389841 10 16759319 6688859 512
35783055 10 16759319 6688859 512
36372876 10 16759319 6688859 512
36569483 10 16759319 6688859 512
36897161 10 16759319 6688859 512
37355912 10 16759319 6688859 512
37945735 10 16759319 6688859 512
38076807 10 16759319 6688875 512
38535559 10 16759319 6688875 512
38863238 10 16759319 6688875 512
39584134 10 16759319 6688875 512
39715206 10 16759319 6688875 512
40042886 10 16759319 6688875 512
40305030 10 16759319 6688875 512
40894856 10 16759319 6688875 512
41025929 10 16759319 6688890 512
41288076 10 16759319 6688890 512
41615759 10 14253376 6688890 512
42271124 10 14253376 6688890 512
42402197 10 14253376 6688890 512
42664344 10 14253376 6688890 512
42992028 10 14253376 6688890 512
43319712 10 14253376 6688890 512
43581860 10 14253376 6688906 512
43778471 10 14253376 6688906 512
44040620 10 14253376 6688906 512
44302769 10 14253376 6688906 512
44499381 10 14253376 6688906 512
44564921 10 14253376 6688906 512
44695996 10 14253376 6688906 512
44958150 10 14253376 6688921 512
45351380 10 14253376 6688921 512
45482459 10 14253376 6688921 512
45613538 10 14253376 6688921 512
45744617 10 14253376 6688921 512
45875695 10 14253376 6688921 512
45941238 10 14253376 6688921 512
46006781 10 14253376 6688937 512
46072322 10 14253376 6688937 512
46072330 10 14253376 6688937 512
46137872 10 14253376 6688937 512
46137882 10 14253376 6688937 512
46137885 10 14253376 6688937 512
46203428 10 14253376 6688937 512
46203434 10 14253376 6688937 512
46203446 10 14253376 6688953 512
46137913 10 14253376 6688953 512
46072383 10 10766755 6688953 512
45941318 10 10766755 6688953 512
45744722 10 10766755 6688953 512
45679188 10 10766755 6688953 512
45548123 10 10766755 6688953 512
45351522 10 10766755 6688953 512
45154921 10 10766755 6688968 512
44958319 10 10766755 6688968 512
44761717 10 10766755 6688968 512
44499579 10 10766755 6688968 512
44106374 10 10766755 6688968 512
43975304 10 10766755 6688968 512
43713166 10 10766755 6688968 512
43516562 10 10766755 6688984 512
43057818 10 10766755 6688984 512
42992283 10 10766755 6688984 512
42730144 10 10766755 6688984 512
42402469 10 10766755 6688984 512
42140327 10 10766755 6688984 512
41878185 10 10766755 6688984 512
41681580 10 10766755 6688984 512
41288367 10 10766755 6689000 512
40764083 10 10766755 6689000 512
40567476 10 10766755 6689000 512
40305333 10 10766755 6689000 512
40043190 10 10766755 6689000 512
39649975 10 10766755 6689000 512
39518903 10 10766755 6689000 512
39191223 10 10766755 6689000 512
38929080 10 10766755 6689015 512
38470328 10 10766755 6689015 512
38142648 10 13217535 6689015 512
37749432 10 13217535 6689015 512
37487288 10 13217535 6689015 512
37094071 10 13217535 6689015 512
36831926 10 13217535 6689015 512
36504244 10 13217535 6689015 512
36176563 10 13217535 6689031 512
35652270 10 13217535 6689031 512
35521198 10 13217535 6689031 512
35259052 10 13217535 6689031 512
35062442 10 13217535 6689031 512
34669222 10 13217535 6689031 512
34603686 10 13217535 6689031 512
34407076 10 13217535 6689031 512
34210464 10 13217535 6689046 512
34079390 10 13217535 6689046 512
34013852 10 13217535 6689046 512
33882778 10 13217535 6689046 512
33882777 10 13217535 6689046 512
33686164 10 13217535 6689046 512
33620628 10 13217535 6689046 512
33620627 10 13217535 6689062 512
33555088 10 13217535 6689062 512
33489550 10 13217535 6689062 512
33489548 10 13217535 6689062 512
33489546 10 13217535 6689062 512
33489545 10 13217535 6689062 512
33489544 10 13217535 6689062 512
33489543 10 13217535 6689078 512
33555079 10 13217535 6689078 512
33620613 10 3550702 6689078 512
33751685 10 3550702 6689078 512
33882756 10 3550702 6689078 512
34013827 10 3550702 6689093 512
34144899 10 3550702 6689093 512
34407043 10 3550702 6689093 512
34603651 10 3550702 6689093 512
34800259 10 3550702 6689093 512
35127939 10 3550702 6689093 512
35193475 10 3550702 6689093 512
35455621 10 3550702 6689109 512
35717766 10 3550702 6689109 512
36176521 10 3550702 6689109 512
36307593 10 3550702 6689109 512
36700812 10 3550702 6689109 512
36962959 10 3550702 6689109 512
37487251 10 3550702 6689109 512
37749399 10 3550702 6689109 512
38142619 10 3550702 6689125 512
38535839 10 3550702 6689125 512
39125671 10 3550702 6689125 512
39256744 10 3550702 6689125 512
39584428 10 3550702 6689125 512
39912113 10 3550702 6689125 512
40567484 10 3550702 6689125 512
40698558 10 3550702 6689140 512
41091780 10 3550702 6689140 512
41485003 10 2588671 6689140 512
42009306 10 2588671 6689140 512
42140383 10 2588671 6689140 512
42533609 10 2588671 6689140 512
42795761 10 2588671 6689140 512
43254528 10 2588671 6689140 512
43385602 10 2588671 6689156 512
43713290 10 2588671 6689156 512
43909907 10 2588671 6689156 512
44434213 10 2588671 6689156 512
44434216 10 2588671 6689156 512
44696371 10 2588671 6689156 512
44892990 10 2588671 6689156 512
45220690 10 2588671 6689156 512
45351766 10 2588671 6689171 512
45482848 10 2588671 6689171 512
45613928 10 2588671 6689171 512
45745013 10 2588671 6689171 512
45745016 10 2588671 6689171 512
45810561 10 2588671 6689171 512
45876105 10 2588671 6689171 512
45941650 10 2588671 6689171 512
45941657 10 2588671 6689187 512
45941665 10 2588671 6689187 512
46007209 10 2588671 6689187 512
46007222 10 2588671 6689187 512
46007225 10 2588671 6689187 512
46007232 10 2588671 6689187 512
45941703 10 2588671 6689187 512
45876172 10 2588671 6689187 512
45745107 10 2588671 6689203 512
45614041 10 2588671 6689203 512
45417440 10 62207 6689203 512
45220839 10 62207 6689203 512
45024237 10 62207 6689203 512
44762099 10 62207 6689203 512
44565497 10 62207 6689203 512
44303360 10 62207 6689203 512
44172291 10 62207 6689218 512
44041222 10 62207 6689218 512
43844617 10 62207 6689218 512
43451408 10 62207 6689218 512
43320336 10 62207 6689218 512
43123731 10 62207 6689218 512
42927124 10 62207 6689218 512
42730518 10 62207 6689218 512
42468376 10 62207 6689234 512
42337304 10 62207 6689234 512
42140697 10 62207 6689234 512
41878554 10 62207 6689234 512
41747482 10 62207 6689234 512
41550874 10 62207 6689234 512
41354266 10 62207 6689234 512
41026584 10 62207 6689234 512
40829976 10 62207 6689250 512
40633366 10 62207 6689250 512
40436756 10 62207 6689250 512
40043535 10 62207 6689250 512
39977998 10 62207 6689250 512
39781388 10 62207 6689250 512
39519239 10 62207 6689250 512
39322626 10 62207 6689265 512
39060476 10 62207 6689265 512
38863862 10 62207 6689265 512
38667247 10 1498737 6689265 512
38470631 10 1498737 6689265 512
38208478 10 1498737 6689265 512
38011860 10 1498737 6689265 512
37749708 10 1498737 6689265 512
37487550 10 1498737 6689281 512
37422010 10 1498737 6689281 512
37290930 10 1498737 6689281 512
37159848 10 1498737 6689281 512
36897687 10 1498737 6689281 512
36832146 10 1498737 6689281 512
36701065 10 1498737 6689281 512
36635519 10 1498737 6689281 512
36438894 10 1498737 6689296 512
36438891 10 1498737 6689296 512
36373345 10 1498737 6689296 512
36242254 10 1498737 6689296 512
36242237 10 1498737 6689296 512
36176692 10 1498737 6689296 512
36176688 10 1498737 6689312 512
36176666 10 1498737 6689312 512
36176661 10 1498737 6689312 512
36242194 10 1498737 6689312 512
36373251 10 1498737 6689312 512
36438778 10 1498737 6689312 512
36569842 10 1498737 6689312 512
36635373 10 1498737 6689312 512
36963042 10 1498737 6689312 512
36963040 10 1498737 6689328 512
37290710 10 1498737 6689328 512
37421780 10 1498737 6689328 512
37552847 10 6471182 6689328 512
37749450 10 6471182 6689328 512
37880519 10 6471182 6689328 512
37946053 10 6471182 6689328 512
38208193 10 6471182 6689328 512
38339264 10 6471182 6689343 512
38666941 10 6471182 6689343 512
38798012 10 6471182 6689343 512
38994619 10 6471182 6689343 512
39125691 10 6471182 6689343 512
39191227 10 6471182 6689343 512
39322299 10 6471182 6689359 512
39453373 10 6471182 6689359 512
39649982 10 6471182 6689359 512
39649984 10 6471182 6689359 512
39846593 10 6471182 6689359 512
39912132 10 6471182 6689359 512
40108743 10 6471182 6689359 512
40239819 10 6471182 6689359 512
40370896 10 6471182 6689375 512
40501972 10 6471182 6689375 512
40698585 10 6471182 6689375 512
40829663 10 6471182 6689375 512
40960740 10 6471182 6689375 512
41157356 10 6471182 6689375 512
41353976 10 6471182 6689375 512
41419515 10 6471182 6689375 512
41485058 10 6471182 6689390 512
41616137 10 6471182 6689390 512
41812760 10 6471182 6689390 512
41878301 10 6471182 6689390 512
41943845 10 16759319 6689390 512
42074926 10 16759319 6689390 512
42140472 10 16759319 6689390 512
42140481 10 16759319 6689390 512
42206027 10 16759319 6689406 512
42206035 10 16759319 6689406 512
42206045 10 16759319 6689406 512
42206056 10 16759319 6689406 512
42206065 10 16759319 6689406 512
42206076 10 16759319 6689406 512
42206085 10 16759319 6689406 512
42206093 10 16759319 6689406 512
42206103 10 16759319 6689421 512
42140577 10 16759319 6689421 512
41812915 10 16759319 6689421 512
41812918 10 16759319 6689421 512
41616318 10 16759319 6689421 512
41485256 10 16759319 6689421 512
41288655 10 16759319 6689421 512
41092057 10 16759319 6689421 512
40895457 10 16759319 6689437 512
40633322 10 16759319 6689437 512
40240118 10 16759319 6689437 512
40109049 10 16759319 6689437 512
39912448 10 16759319 6689437 512
39650313 10 16759319 6689437 512
39322641 10 16759319 6689437 512
39257107 10 16759319 6689453 512
39126038 10 16759319 6689453 512
38863899 10 16759319 6689453 512
38601760 10 16759319 6689453 512
38274085 10 14253376 6689453 512
37946410 10 14253376 6689453 512
37618734 10 14253376 6689453 512
37159989 10 14253376 6689453 512
37028918 10 14253376 6689468 512
36832313 10 14253376 6689468 512
36504636 10 14253376 6689468 512
36111424 10 14253376 6689468 512
35980353 10 14253376 6689468 512
35718211 10 14253376 6689468 512
35390533 10 14253376 6689468 512
34931784 10 14253376 6689468 512
34800712 10 14253376 6689484 512
34604104 10 14253376 6689484 512
33752137 10 14253376 6689484 512
33555529 10 14253376 6689484 512
33358921 10 14253376 6689484 512
33031241 10 14253376 6689484 512
32834633 10 14253376 6689484 512
32113736 10 14253376 6689500 512
31851590 10 14253376 6689500 512
31261761 10 14253376 6689500 512
31196225 10 14253376 6689500 512
30934079 10 14253376 6689500 512
30671931 10 14253376 6689500 512
30344247 10 14253376 6689500 512
30278709 10 14253376 6689515 512
30082098 10 14253376 6689515 512
29557798 10 10766755 6689515 512
29426724 10 10766755 6689515 512
29295648 10 10766755 6689515 512
29164571 10 10766755 6689515 512
28836882 10 10766755 6689515 512
28836879 10 10766755 6689531 512
28705803 10 10766755 6689531 512
28640262 10 10766755 6689531 512
28509184 10 10766755 6689531 512
28443642 10 10766755 6689531 512
28378093 10 10766755 6689531 512
28312545 10 10766755 6689546 512
28312543 10 10766755 6689546 512
28312537 10 10766755 6689546 512
28312530 10 10766755 6689546 512
28312519 10 10766755 6689546 512
28312517 10 10766755 6689546 512
28443572 10 10766755 6689546 512
28574637 10 10766755 6689562 512
28705702 10 10766755 6689562 512
28836769 10 10766755 6689562 512
29033369 10 10766755 6689562 512
29426576 10 10766755 6689562 512
29492109 10 10766755 6689562 512
29623176 10 10766755 6689562 512
29885314 10 10766755 6689562 512
30278520 10 10766755 6689578 512
30344054 10 10766755 6689578 512
30540659 10 10766755 6689578 512
30671726 10 13217535 6689578 512
31130472 10 13217535 6689578 512
31261541 10 13217535 6689578 512
31589217 10 13217535 6689578 512
31982426 10 13217535 6689593 512
32637779 10 13217535 6689593 512
32768849 10 13217535 6689593 512
33162061 10 13217535 6689593 512
33555273 10 13217535 6689593 512
34014021 10 13217535 6689593 512
34472769 10 13217535 6689593 512
34865982 10 13217535 6689593 512
35259196 10 13217535 6689609 512
35783482 10 13217535 6689609 512
35914554 10 13217535 6689609 512
36373304 10 13217535 6689609 512
36700983 10 13217535 6689609 512
37356343 10 13217535 6689609 512
37487415 10 13217535 6689609 512
37880631 10 13217535 6689609 512
38208311 10 13217535 6689625 512
38929209 10 13217535 6689625 512
39453499 10 13217535 6689625 512
39846718 10 13217535 6689625 512
40436546 10 13217535 6689625 512
40502083 10 13217535 6689625 512
40829766 10 13217535 6689625 512
41091914 10 13217535 6689640 512
41419598 10 13217535 6689640 512
41681746 10 13217535 6689640 512
41943894 10 13217535 6689640 512
42140506 10 3550702 6689640 512
42533730 10 3550702 6689640 512
42533732 10 3550702 6689640 512
42730345 10 3550702 6689640 512
42926958 10 3550702 6689656 512
43189110 10 3550702 6689656 512
43254648 10 3550702 6689656 512
43320189 10 3550702 6689656 512
43582352 10 3550702 6689656 512
43582354 10 3550702 6689656 512
43647895 10 3550702 6689656 512
43647900 10 3550702 6689671 512
43647909 10 3550702 6689671 512
43647911 10 3550702 6689671 512
43647916 10 3550702 6689671 512
43647921 10 3550702 6689671 512
43582390 10 3550702 6689671 512
43451323 10 3550702 6689671 512
43385792 10 3550702 6689671 512
43254724 10 3550702 6689687 512
43058124 10 3550702 6689687 512
42927053 10 3550702 6689687 512
42795985 10 3550702 6689687 512
42599381 10 3550702 6689687 512
42271706 10 3550702 6689687 512
42271707 10 3550702 6689687 512
42009566 10 3550702 6689687 512
41812960 10 3550702 6689703 512
41550819 10 3550702 6689703 512
41157607 10 3550702 6689703 512
40895466 10 3550702 6689703 512
40567788 10 2588671 6689703 512
40043504 10 2588671 6689703 512
39846897 10 2588671 6689703 512
39584755 10 2588671 6689703 512
39191541 10 2588671 6689718 512
38470648 10 2588671 6689718 512
38339576 10 2588671 6689718 512
37946362 10 2588671 6689718 512
37422075 10 2588671 6689718 512
36701180 10 2588671 6689718 512
36570108 10 2588671 6689718 512
36111356 10 2588671 6689734 512
35587068 10 2588671 6689734 512
34669564 10 2588671 6689734 512
34472956 10 2588671 6689734 512
34014203 10 2588671 6689734 512
33424378 10 2588671 6689734 512
32965624 10 2588671 6689734 512
32441334 10 2588671 6689734 512
31785971 10 2588671 6689750 512
31261681 10 2588671 6689750 512
30344171 10 2588671 6689750 512
30082025 10 2588671 6689750 512
29557733 10 2588671 6689750 512
28967903 10 2588671 6689750 512
28115927 10 2588671 6689750 512
27919318 10 2588671 6689750 512
27526095 10 2588671 6689765 512
27001802 10 2588671 6689765 512
26543041 10 2588671 6689765 512
26346431 10 2588671 6689765 512
26018744 10 62207 6689765 512
25625520 10 62207 6689765 512
25101221 10 62207 6689765 512
24904610 10 62207 6689781 512
24642458 10 62207 6689781 512
24380306 10 62207 6689781 512
24118155 10 62207 6689781 512
23856001 10 62207 6689781 512
23659383 10 62207 6689781 512
23462764 10 62207 6689781 512
23135069 10 62207 6689781 512
23069529 10 62207 6689796 512
22938449 10 62207 6689796 512
22872902 10 62207 6689796 512
22610735 10 62207 6689796 512
22545190 10 62207 6689796 512
22479644 10 62207 6689796 512
22414099 10 62207 6689796 512
22414091 10 62207 6689812 512
22414082 10 62207 6689812 512
22414072 10 62207 6689812 512
22414058 10 62207 6689812 512
22414055 10 62207 6689812 512
22414047 10 62207 6689812 512
22479574 10 62207 6689812 512
22676169 10 62207 6689812 512
22741701 10 62207 6689828 512
22938302 10 62207 6689828 512
23134902 10 62207 6689828 512
23528106 10 62207 6689828 512
23593639 10 1498737 6689828 512
23790240 10 1498737 6689828 512
23986842 10 1498737 6689828 512
24576653 10 1498737 6689828 512
24642186 10 1498737 6689843 512
24904322 10 1498737 6689843 512
25166460 10 1498737 6689843 512
25494135 10 1498737 6689843 512
25756273 10 1498737 6689843 512
26215019 10 1498737 6689843 512
26608229 10 1498737 6689843 512
27263580 10 1498737 6689843 512
27394651 10 1498737 6689859 512
27722327 10 1498737 6689859 512
28050004 10 1498737 6689859 512
28705359 10 1498737 6689859 512
28901965 10 1498737 6689859 512
29426249 10 1498737 6689859 512
29884998 10 1498737 6689859 512
30605888 10 1498737 6689875 512
30736960 10 1498737 6689875 512
31130174 10 1498737 6689875 512
31588923 10 1498737 6689875 512
32309815 10 1498737 6689875 512
32506423 10 1498737 6689875 512
32965174 10 1498737 6689875 512
33423924 10 1498737 6689875 512
33817140 10 1498737 6689890 512
34341427 10 1498737 6689890 512
34669107 10 1498737 6689890 512
35652147 10 6471182 6689890 512
35783219 10 6471182 6689890 512
36110899 10 6471182 6689890 512
36373045 10 6471182 6689890 512
36831799 10 6471182 6689906 512
36962872 10 6471182 6689906 512
37290555 10 6471182 6689906 512
37487165 10 6471182 6689906 512
37880385 10 6471182 6689906 512
37945923 10 6471182 6689906 512
38076997 10 6471182 6689906 512
38273607 10 6471182 6689921 512
38535757 10 6471182 6689921 512
38535759 10 6471182 6689921 512
38732371 10 6471182 6689921 512
38863447 10 6471182 6689921 512
38994528 10 6471182 6689921 512
38994529 10 6471182 6689921 512
39060069 10 6471182 6689921 512
39125611 10 6471182 6689937 512
39256692 10 6471182 6689937 512
39256694 10 6471182 6689937 512
39322236 10 6471182 6689937 512
39322241 10 6471182 6689937 512
39322249 10 6471182 6689937 512
39322251 10 6471182 6689937 512
39322256 10 6471182 6689937 512
39256726 10 6471182 6689937 512
39191197 10 6471182 6689953 512
39060131 10 6471182 6689953 512
38863528 10 6471182 6689953 512
38470328 10 16759319 6689953 512
38404794 10 16759319 6689953 512
38208192 10 16759319 6689953 512
37946054 10 16759319 6689968 512
37618381 10 16759319 6689968 512
37487311 10 16759319 6689968 512
37290708 10 16759319 6689968 512
36963032 10 16759319 6689968 512
36438752 10 16759319 6689968 512
36307681 10 16759319 6689968 512
36045540 10 16759319 6689968 512
35652328 10 16759319 6689984 512
34996975 10 16759319 6689984 512
34800367 10 16759319 6689984 512
34407154 10 16759319 6689984 512
33948405 10 16759319 6689984 512
33489655 10 16759319 6689984 512
32899834 10 16759319 6689984 512
32572155 10 16759319 6689984 512
31982332 10 16759319 6690000 512
31195902 10 16759319 6690000 512
30999294 10 16759319 6690000 512
30475006 10 16759319 6690000 512
29950718 10 16759319 6690000 512
28967677 10 16759319 6690000 512
28705533 10 16759319 6690000 512
28246780 10 16759319 6690000 512
27656954 10 16759319 6690015 512
26542839 10 16759319 6690015 512
26215158 10 16759319 6690015 512
25625331 10 16759319 6690015 512
24969966 10 14253376 6690015 512
23921384 10 14253376 6690015 512
23659238 10 14253376 6690015 512
23134945 10 14253376 6690015 512
22545117 10 14253376 6690031 512
22020823 10 14253376 6690031 512
21496529 10 14253376 6690031 512
21168844 10 14253376 6690031 512
20775623 10 14253376 6690031 512
20251326 10 14253376 6690031 512
20120252 10 14253376 6690031 512
19792566 10 14253376 6690031 512
19464880 10 14253376 6690046 512
19006116 10 14253376 6690046 512
18940577 10 14253376 6690046 512
18743962 10 14253376 6690046 512
18481809 10 14253376 6690046 512
18219658 10 14253376 6690046 512
18023042 10 14253376 6690046 512
17760889 10 14253376 6690062 512
17564273 10 14253376 6690062 512
17302117 10 14253376 6690062 512
17236578 10 14253376 6690062 512
17105497 10 14253376 6690062 512
16974417 10 14253376 6690062 512
16777796 10 14253376 6690062 512
16581175 10 14253376 6690078 512
16515630 10 14253376 6690078 512
16450081 10 14253376 6690078 512
16450078 10 14253376 6690078 512
16450070 10 14253376 6690078 512
16450062 10 10766755 6690078 512
16450049 10 10766755 6690078 512
16450046 10 10766755 6690078 512
16581112 10 10766755 6690093 512
16712177 10 10766755 6690093 512
16843242 10 10766755 6690093 512
16974305 10 10766755 6690093 512
17170906 10 10766755 6690093 512
17367506 10 10766755 6690093 512
17826245 10 10766755 6690093 512
17891779 10 10766755 6690093 512
18153917 10 10766755 6690109 512
18416055 10 10766755 6690109 512
18809259 10 10766755 6690109 512
19005865 10 10766755 6690109 512
19268003 10 10766755 6690109 512
19530141 10 10766755 6690109 512
20119957 10 10766755 6690109 512
20251027 10 10766755 6690125 512
20578703 10 10766755 6690125 512
20971914 10 10766755 6690125 512
21627266 10 10766755 6690125 512
21758338 10 10766755 6690125 512
22020479 10 10766755 6690125 512
22413692 10 10766755 6690125 512
22741369 10 10766755 6690125 512
23134583 10 10766755 6690140 512
23462261 10 10766755 6690140 512
23789940 10 10766755 6690140 512
24314226 10 10766755 6690140 512
24445297 10 10766755 6690140 512
24838512 10 10766755 6690140 512
25231728 10 13217535 6690140 512
25952624 10 13217535 6690140 512
26083696 10 13217535 6690156 512
26411376 10 13217535 6690156 512
26804592 10 13217535 6690156 512
27066737 10 13217535 6690156 512
27328882 10 13217535 6690156 512
27722100 10 13217535 6690156 512
28049781 10 13217535 6690156 512
28639610 10 13217535 6690156 512
28770683 10 13217535 6690171 512
29098366 10 13217535 6690171 512
29491585 10 13217535 6690171 512
30081414 10 13217535 6690171 512
30212487 10 13217535 6690171 512
30540170 10 13217535 6690171 512
30933390 10 13217535 6690171 512
31392149 10 13217535 6690171 512
31457686 10 13217535 6690187 512
31719835 10 13217535 6690187 512
31916447 10 13217535 6690187 512
32375207 10 13217535 6690187 512
32440745 10 13217535 6690187 512
32637357 10 13217535 6690187 512
32768434 10 13217535 6690187 512
32965047 10 13217535 6690203 512
33161659 10 13217535 6690203 512
33358274 10 13217535 6690203 512
33554888 10 13217535 6690203 512
33817042 10 13217535 6690203 512
33882580 10 13217535 6690203 512
34013657 10 3550702 6690203 512
34144735 10 3550702 6690203 512
34275816 10 3550702 6690203 512
34275818 10 3550702 6690218 512
34341359 10 3550702 6690218 512
34472448 10 3550702 6690218 512
34472450 10 3550702 6690218 512
34537991 10 3550702 6690218 512
34537995 10 3550702 6690218 512
34538005 10 3550702 6690234 512
34538007 10 3550702 6690234 512
34472476 10 3550702 6690234 512
34406946 10 3550702 6690234 512
34341414 10 3550702 6690234 512
34210347 10 3550702 6690234 512
34079279 10 3550702 6690234 512
33948212 10 3550702 6690234 512
33620540 10 3550702 6690250 512
33555006 10 3550702 6690250 512
33423937 10 3550702 6690250 512
33161798 10 3550702 6690250 512
32834123 10 3550702 6690250 512
32703052 10 3550702 6690250 512
32506447 10 3550702 6690250 512
32309841 10 3550702 6690265 512
31720021 10 3550702 6690265 512
31654486 10 3550702 6690265 512
31392343 10 3550702 6690265 512
31064665 10 3550702 6690265 512
30540378 10 3550702 6690265 512
30409306 10 2588671 6690265 512
30081626 10 2588671 6690265 512
29688410 10 2588671 6690281 512
29360730 10 2588671 6690281 512
28967514 10 2588671 6690281 512
28639834 10 2588671 6690281 512
28181080 10 2588671 6690281 512
27460181 10 2588671 6690281 512
27329108 10 2588671 6690281 512
26870355 10 2588671 6690281 512
26346064 10 2588671 6690296 512
25363016 10 2588671 6690296 512
25166407 10 2588671 6690296 512
24707650 10 2588671 6690296 512
24117822 10 2588671 6690296 512
23659065 10 2588671 6690296 512
23200308 10 2588671 6690296 512
22676014 10 2588671 6690296 512
22282793 10 2588671 6690312 512
21168666 10 2588671 6690312 512
20644372 10 2588671 6690312 512
20316686 10 2588671 6690312 512
19726852 10 2588671 6690312 512
19595777 10 2588671 6690312 512
19268090 10 2588671 6690312 512
18940403 10 2588671 6690328 512
18481638 10 2588671 6690328 512
18416100 10 2588671 6690328 512
18153950 10 2588671 6690328 512
17891797 10 2588671 6690328 512
17498569 10 62207 6690328 512
17433028 10 62207 6690328 512
17236412 10 62207 6690328 512
17105333 10 62207 6690343 512
17039789 10 62207 6690343 512
16908710 10 62207 6690343 512
16843168 10 62207 6690343 512
16777624 10 62207 6690343 512
16712079 10 62207 6690343 512
16712077 10 62207 6690343 512
16712070 10 62207 6690343 512
16712065 10 62207 6690359 512
16712056 10 62207 6690359 512
16712053 10 62207 6690359 512
16712049 10 62207 6690359 512
16843116 10 62207 6690359 512
16974179 10 62207 6690359 512
17039713 10 62207 6690359 512
17170781 10 62207 6690375 512
17367384 10 62207 6690375 512
17563984 10 62207 6690375 512
17629518 10 62207 6690375 512
17760587 10 62207 6690375 512
17826122 10 62207 6690375 512
17957191 10 62207 6690375 512
18088262 10 62207 6690375 512
18284867 10 62207 6690390 512
18547008 10 62207 6690390 512
19005754 10 62207 6690390 512
19071289 10 62207 6690390 512
19398965 10 62207 6690390 512
20250925 10 1498737 6690390 512
20381997 10 1498737 6690390 512
20644139 10 1498737 6690406 512
20971817 10 1498737 6690406 512
21365031 10 1498737 6690406 512
21692710 10 1498737 6690406 512
22020389 10 1498737 6690406 512
22348069 10 1498737 6690406 512
22872356 10 1498737 6690406 512
23003428 10 1498737 6690406 512
23331108 10 1498737 6690421 512
23724324 10 1498737 6690421 512
23986469 10 1498737 6690421 512
24379687 10 1498737 6690421 512
24707368 10 1498737 6690421 512
24969515 10 1498737 6690421 512
25559343 10 1498737 6690421 512
25690416 10 1498737 6690421 512
26018098 10 1498737 6690437 512
26345782 10 1498737 6690437 512
26935612 10 1498737 6690437 512
27001149 10 1498737 6690437 512
27263296 10 1498737 6690437 512
27590980 10 1498737 6690437 512
27918664 10 1498737 6690437 512
28574034 10 1498737 6690453 512
28836183 10 1498737 6690453 512
29229407 10 1498737 6690453 512
29360480 10 1498737 6690453 512
29557093 10 1498737 6690453 512
29753706 10 6471182 6690453 512
30146932 10 6471182 6690453 512
30146934 10 6471182 6690468 512
30343546 10 6471182 6690468 512
30474624 10 6471182 6690468 512
30671241 10 6471182 6690468 512
30736778 10 6471182 6690468 512
30802319 10 6471182 6690468 512
30867860 10 6471182 6690468 512
30998940 10 6471182 6690468 512
30998941 10 6471182 6690484 512
31064481 10 6471182 6690484 512
31130022 10 6471182 6690484 512
31130027 10 6471182 6690484 512
31130036 10 6471182 6690484 512
31130040 10 6471182 6690484 512
31064511 10 6471182 6690484 512
30998977 10 6471182 6690500 512
30998980 10 6471182 6690500 512
30867912 10 6471182 6690500 512
30671310 10 6471182 6690500 512
30605776 10 6471182 6690500 512
30540242 10 6471182 6690500 512
30409173 10 6471182 6690500 512
30278104 10 6471182 6690500 512
30147036 10 6471182 6690515 512
30015966 10 6471182 6690515 512
29688290 10 6471182 6690515 512
29360616 10 6471182 6690515 512
29229545 10 6471182 6690515 512
29032938 10 6471182 6690515 512
28836332 10 16759319 6690515 512
28574191 10 16759319 6690515 512
28377584 10 16759319 6690531 512
28115441 10 16759319 6690531 512
27853299 10 16759319 6690531 512
27525620 10 16759319 6690531 512
27460084 10 16759319 6690531 512
27132405 10 16759319 6690531 512
26870261 10 16759319 6690531 512
26345973 10 16759319 6690531 512
26280437 10 16759319 6690546 512
26018293 10 16759319 6690546 512
25756149 10 16759319 6690546 512
25559541 10 16759319 6690546 512
25362932 10 16759319 6690546 512
25100786 10 16759319 6690546 512
24838641 10 16759319 6690546 512
24379886 10 16759319 6690562 512
24183276 10 16759319 6690562 512
23986666 10 16759319 6690562 512
23724520 10 16759319 6690562 512
23200226 10 16759319 6690562 512
23134689 10 16759319 6690562 512
22938078 10 16759319 6690562 512
22675931 10 16759319 6690562 512
22348247 10 16759319 6690578 512
22282710 10 16759319 6690578 512
22020562 10 16759319 6690578 512
21889486 10 16759319 6690578 512
21496262 10 16759319 6690578 512
21496261 10 16759319 6690578 512
21299650 10 16759319 6690578 512
21103037 10 14253376 6690578 512
20971960 10 14253376 6690593 512
20775346 10 14253376 6690593 512
20578734 10 14253376 6690593 512
20447656 10 14253376 6690593 512
20251039 10 14253376 6690593 512
20185501 10 14253376 6690593 512
20054424 10 14253376 6690593 512
19923347 10 14253376 6690609 512
19792267 10 14253376 6690609 512
19792266 10 14253376 6690609 512
19661184 10 14253376 6690609 512
19595640 10 14253376 6690609 512
19595639 10 14253376 6690609 512
19530099 10 14253376 6690609 512
19530095 10 14253376 6690625 512
19530088 10 14253376 6690625 512
19530086 10 14253376 6690625 512
19530083 10 14253376 6690625 512
19530080 10 14253376 6690625 512
19530077 10 14253376 6690625 512
19530073 10 14253376 6690625 512
19530070 10 14253376 6690625 512
19661137 10 14253376 6690640 512
19792202 10 14253376 6690640 512
19857737 10 14253376 6690640 512
19988806 10 14253376 6690640 512
19988802 10 14253376 6690640 512
20185405 10 14253376 6690640 512
20250939 10 14253376 6690640 512
20578613 10 10766755 6690656 512
20644145 10 10766755 6690656 512
20840751 10 10766755 6690656 512
21037355 10 10766755 6690656 512
21299496 10 10766755 6690656 512
21692706 10 10766755 6690656 512
21758241 10 10766755 6690656 512
22020382 10 10766755 6690656 512
22216988 10 10766755 6690671 512
22610200 10 10766755 6690671 512
22741270 10 10766755 6690671 512
23068949 10 10766755 6690671 512
23331091 10 10766755 6690671 512
23986446 10 10766755 6690671 512
24051982 10 10766755 6690671 512
24445196 10 10766755 6690671 512
24707338 10 10766755 6690687 512
25362695 10 10766755 6690687 512
25493767 10 10766755 6690687 512
25821445 10 10766755 6690687 512
26214660 10 10766755 6690687 512
26542339 10 10766755 6690687 512
26935554 10 10766755 6690687 512
27263234 10 10766755 6690703 512
27721985 10 13217535 6690703 512
28377345 10 13217535 6690703 512
28508417 10 13217535 6690703 512
28836097 10 13217535 6690703 512
29294849 10 13217535 6690703 512
29819137 10 13217535 6690703 512
30015746 10 13217535 6690703 512
30343427 10 13217535 6690718 512
30802180 10 13217535 6690718 512
31457542 10 13217535 6690718 512
31588615 10 13217535 6690718 512
31916297 10 13217535 6690718 512
32243979 10 13217535 6690718 512
32768270 10 13217535 6690718 512
32899343 10 13217535 6690718 512
33227026 10 13217535 6690734 512
33489173 10 13217535 6690734 512
33751319 10 13217535 6690734 512
34013467 10 13217535 6690734 512
34144541 10 13217535 6690734 512
34275617 10 13217535 6690734 512
34537765 10 13217535 6690734 512
34668839 10 13217535 6690734 512
34734378 10 13217535 6690750 512
34865453 10 13217535 6690750 512
35127605 10 13217535 6690750 512
35258684 10 13217535 6690750 512
35389760 10 13217535 6690750 512
35455301 10 13217535 6690750 512
35520840 10 13217535 6690750 512
35520844 10 3550702 6690765 512
35586386 10 3550702 6690765 512
35586392 10 3550702 6690765 512
35586394 10 3550702 6690765 512
35586399 10 3550702 6690765 512
35586404 10 3550702 6690765 512
35586408 10 3550702 6690765 512
35586412 10 3550702 6690765 512
35520881 10 3550702 6690781 512
35455349 10 3550702 6690781 512
35258749 10 3550702 6690781 512
35193215 10 3550702 6690781 512
35062148 10 3550702 6690781 512
34931079 10 3550702 6690781 512
34668943 10 3550702 6690781 512
34603409 10 3550702 6690796 512
34406805 10 3550702 6690796 512
34144666 10 3550702 6690796 512
34013597 10 3550702 6690796 512
33816993 10 3550702 6690796 512
33685923 10 3550702 6690796 512
33423783 10 3550702 6690796 512
33030573 10 3550702 6690796 512
32965039 10 3550702 6690812 512
32637362 10 3550702 6690812 512
32375221 10 3550702 6690812 512
31785403 10 3550702 6690812 512
31654332 10 3550702 6690812 512
31326655 10 3550702 6690812 512
30933443 10 3550702 6690812 512
30343623 10 3550702 6690812 512
30147016 10 3550702 6690828 512
29819338 10 2588671 6690828 512
29491661 10 2588671 6690828 512
28967376 10 2588671 6690828 512
28836305 10 2588671 6690828 512
28115413 10 2588671 6690828 512
27722199 10 2588671 6690828 512
27460056 10 2588671 6690843 512
27197913 10 2588671 6690843 512
26870234 10 2588671 6690843 512
26411483 10 2588671 6690843 512
26345947 10 2588671 6690843 512
26018268 10 2588671 6690843 512
25756124 10 2588671 6690843 512
25231836 10 2588671 6690843 512
25100764 10 2588671 6690859 512
24838620 10 2588671 6690859 512
24576476 10 2588671 6690859 512
24183260 10 2588671 6690859 512
24117723 10 2588671 6690859 512
23921114 10 2588671 6690859 512
23724505 10 2588671 6690859 512
23331286 10 2588671 6690859 512
23265750 10 2588671 6690875 512
23134677 10 2588671 6690875 512
22872530 10 2588671 6690875 512
22675921 10 2588671 6690875 512
22610384 10 2588671 6690875 512
22413775 10 2588671 6690875 512
22282700 10 2588671 6690875 512
22151626 10 2588671 6690890 512
22020553 10 2588671 6690890 512
21955015 10 62207 6690890 512
21823941 10 62207 6690890 512
21692865 10 62207 6690890 512
21627328 10 62207 6690890 512
21561790 10 62207 6690890 512
21496252 10 62207 6690890 512
21430713 10 62207 6690906 512
21365174 10 62207 6690906 512
21365172 10 62207 6690906 512
21299633 10 62207 6690906 512
21234092 10 62207 6690906 512
21234089 10 62207 6690906 512
21234086 10 62207 6690921 512
21234081 10 62207 6690921 512
21234078 10 62207 6690921 512
21234075 10 62207 6690921 512
21234070 10 62207 6690921 512
21234069 10 62207 6690921 512
21299601 10 62207 6690921 512
21365134 10 62207 6690937 512
21496201 10 62207 6690937 512
21561735 10 62207 6690937 512
21627268 10 62207 6690937 512
21758337 10 62207 6690937 512
21889405 10 62207 6690937 512
21954938 10 62207 6690937 512
22086007 10 62207 6690937 512
22282611 10 62207 6690953 512
22544751 10 62207 6690953 512
22610284 10 1498737 6690953 512
22806890 10 1498737 6690953 512
23069030 10 1498737 6690953 512
23658848 10 1498737 6690953 512
23855453 10 1498737 6690953 512
24117595 10 1498737 6690968 512
24576342 10 1498737 6690968 512
24641878 10 1498737 6690968 512
24904020 10 1498737 6690968 512
25166162 10 1498737 6690968 512
25624911 10 1498737 6690968 512
25690447 10 1498737 6690968 512
25952590 10 1498737 6690968 512
26149197 10 1498737 6690984 512
26411339 10 1498737 6690984 512
27066698 10 1498737 6690984 512
27263306 10 1498737 6690984 512
27263306 10 1498737 6690984 514
27984202 10 1498737 6690984 513
28246346 10 1498737 6691000 512
28705098 10 1498737 6691000 512
28770634 10 1498737 6691000 512
28770634 10 1498737 6691000 514
