70 140 660 1280
13697176 10 62207 6758812 513
13762712 10 62207 6758812 512
13828248 10 62207 6758828 512
13959320 10 62207 6758828 512
14155928 10 62207 6758828 512
14287000 10 62207 6758828 512
14483608 10 62207 6758828 512
14680216 10 62207 6758828 512
14811289 10 62207 6758843 512
15073433 10 62207 6758843 512
15401113 10 62207 6758843 512
15925402 10 62207 6758843 512
16056474 10 62207 6758843 512
16384155 10 62207 6758843 512
16777372 10 62207 6758843 512
17563805 10 62207 6758843 512
17694877 10 62207 6758859 512
18088094 10 62207 6758859 512
18612382 10 62207 6758859 512
19464352 10 62207 6758859 512
19660960 10 62207 6758859 512
20250785 10 62207 6758859 512
20840609 10 62207 6758859 512
21954723 10 62207 6758859 512
22216867 10 62207 6758875 512
22806692 10 62207 6758875 512
23527588 10 62207 6758875 512
24314021 10 1498737 6758875 512
25100453 10 1498737 6758875 512
25690277 10 1498737 6758875 512
26345637 10 1498737 6758875 512
27394214 10 1498737 6758875 512
27656358 10 1498737 6758890 512
28377254 10 1498737 6758890 512
29163687 10 1498737 6758890 512
30343336 10 1498737 6758890 512
30736552 10 1498737 6758890 512
31457449 10 1498737 6758890 512
32047273 10 1498737 6758890 512
33095851 10 1498737 6758890 512
33423531 10 1498737 6758906 512
34013355 10 1498737 6758906 512
34537644 10 1498737 6758906 512
35324076 10 1498737 6758906 512
35520684 10 1498737 6758906 512
35979436 10 1498737 6758906 512
36307117 10 1498737 6758906 512
37093550 10 1498737 6758921 512
37290159 10 1498737 6758921 512
37617840 10 1498737 6758921 512
37879985 10 1498737 6758921 512
38404274 10 1498737 6758921 512
38535346 10 1498737 6758921 512
38797491 10 1498737 6758921 512
39059636 10 1498737 6758937 512
39518388 10 1498737 6758937 512
39649460 10 1498737 6758937 512
39846068 10 1498737 6758937 512
40042677 10 6471182 6758937 512
40304822 10 6471182 6758937 512
40435895 10 6471182 6758937 512
40566967 10 6471182 6758937 512
40763576 10 6471182 6758953 512
41025720 10 6471182 6758953 512
41156792 10 6471182 6758953 512
41287865 10 6471182 6758953 512
41418938 10 6471182 6758953 512
41615547 10 6471182 6758953 512
41681083 10 6471182 6758953 512
41812156 10 6471182 6758953 512
42008765 10 6471182 6758968 512
42336446 10 6471182 6758968 512
42533055 10 6471182 6758968 512
42664127 10 6471182 6758968 512
42860736 10 6471182 6758968 512
42926272 10 6471182 6758968 512
42991809 10 6471182 6758968 512
43122882 10 6471182 6758968 512
43253955 10 6471182 6758984 512
43385028 10 6471182 6758984 512
43450564 10 6471182 6758984 512
43581637 10 6471182 6758984 512
43647175 10 6471182 6758984 512
43712711 10 6471182 6758984 512
43778248 10 6471182 6759000 512
43843784 10 6471182 6759000 512
43843785 10 6471182 6759000 512
43843786 10 16759319 6759000 512
43909323 10 16759319 6759000 512
43909324 10 16759319 6759000 512
43909325 10 16759319 6759015 512
43909326 10 16759319 6759015 512
43909327 10 16759319 6759015 512
43843792 10 16759319 6759015 512
43778257 10 16759319 6759015 512
43778259 10 16759319 6759015 512
43712724 10 16759319 6759031 512
43516119 10 16759319 6759031 512
43516120 10 16759319 6759031 512
43450585 10 16759319 6759031 512
43319515 10 16759319 6759031 512
43188447 10 16759319 6759031 512
43122912 10 16759319 6759031 512
42991843 10 16759319 6759031 512
42860775 10 16759319 6759046 512
42729706 10 16759319 6759046 512
42533103 10 16759319 6759046 512
42336501 10 16759319 6759046 512
42139898 10 16759319 6759046 512
41746690 10 16759319 6759046 512
41681156 10 16759319 6759046 512
41419019 10 16759319 6759062 512
41156882 10 16759319 6759062 512
40698143 10 16759319 6759062 512
40501538 10 16759319 6759062 512
40239402 10 16759319 6759062 512
39977266 10 14253376 6759062 512
39518527 10 14253376 6759062 512
39321922 10 14253376 6759062 512
39059787 10 14253376 6759078 512
38732115 10 14253376 6759078 512
38142308 10 14253376 6759078 512
37945705 10 14253376 6759078 512
37683569 10 14253376 6759078 512
37290363 10 14253376 6759078 512
36503952 10 14253376 6759078 512
36176279 10 14253376 6759093 512
35717536 10 14253376 6759093 512
35062191 10 14253376 6759093 512
34931121 10 14253376 6759093 512
34668983 10 14253376 6759093 512
34275774 10 14253376 6759093 512
33292748 10 14253376 6759093 512
32440795 10 14253376 6759109 512
31982051 10 14253376 6759109 512
31588841 10 14253376 6759109 512
31130095 10 14253376 6759109 512
30802420 10 14253376 6759109 512
30278137 10 14253376 6759109 512
29622786 10 14253376 6759109 512
29426181 10 14253376 6759109 512
28967433 10 14253376 6759125 512
28574221 10 14253376 6759125 512
28312079 10 14253376 6759125 512
27591190 10 14253376 6759125 512
27394583 10 10766755 6759125 512
26477085 10 10766755 6759125 512
26214943 10 10766755 6759125 512
25297446 10 10766755 6759125 512
25100839 10 10766755 6759140 512
24248875 10 10766755 6759140 512
23986733 10 10766755 6759140 512
23462448 10 10766755 6759140 512
22610485 10 10766755 6759140 512
22413877 10 10766755 6759140 512
21889593 10 10766755 6759140 512
21168700 10 10766755 6759140 512
21037628 10 10766755 6759156 512
20644414 10 10766755 6759156 512
20316735 10 10766755 6759156 512
19792449 10 10766755 6759156 512
19661377 10 10766755 6759156 512
19464769 10 10766755 6759156 512
19268162 10 10766755 6759156 512
19137090 10 10766755 6759156 512
19006019 10 10766755 6759171 512
18809411 10 10766755 6759171 512
18678340 10 10766755 6759171 512
18547268 10 10766755 6759171 512
18416196 10 10766755 6759171 512
18416197 10 10766755 6759171 512
18350661 10 10766755 6759171 512
18285125 10 10766755 6759187 512
18219589 10 10766755 6759187 512
18154053 10 10766755 6759187 512
18088517 10 13217535 6759187 512
18022981 10 13217535 6759203 512
17957445 10 13217535 6759203 512
18022981 10 13217535 6759234 512
18088517 10 13217535 6759234 512
18154053 10 13217535 6759234 512
18285124 10 13217535 6759250 512
18612803 10 13217535 6759250 512
18678338 10 13217535 6759250 512
18874946 10 13217535 6759250 512
19071554 10 13217535 6759250 512
19333696 10 13217535 6759250 512
19726911 10 3550702 6759250 512
19989054 10 3550702 6759250 512
20447804 10 3550702 6759265 512
21103162 10 3550702 6759265 512
21234234 10 3550702 6759265 512
21496377 10 3550702 6759265 512
21955128 10 3550702 6759265 512
22676022 10 3550702 6759265 512
22872629 10 3550702 6759265 512
23396915 10 3550702 6759265 512
24052273 10 3550702 6759281 512
24773166 10 3550702 6759281 512
24969774 10 3550702 6759281 512
25428524 10 3550702 6759281 512
25952810 10 3550702 6759281 512
27656740 10 3550702 6759281 512
28246562 10 3550702 6759281 512
28901920 10 3550702 6759296 512
29426206 10 3550702 6759296 512
30016029 10 3550702 6759296 512
30605852 10 3550702 6759296 512
31195675 10 3550702 6759296 512
32047642 10 3550702 6759296 512
32244249 10 3550702 6759296 512
32899609 10 3550702 6759296 512
33292825 10 3550702 6759312 512
34079257 10 3550702 6759312 512
34275865 10 3550702 6759312 512
34800153 10 3550702 6759312 512
35193369 10 3550702 6759312 512
35652121 10 2588671 6759312 512
36110873 10 2588671 6759312 512
36504090 10 2588671 6759312 512
36831771 10 2588671 6759328 512
37487133 10 2588671 6759328 512
37618206 10 2588671 6759328 512
37945887 10 2588671 6759328 512
38339105 10 2588671 6759328 512
38994468 10 2588671 6759328 512
39125541 10 2588671 6759328 512
39453224 10 2588671 6759343 512
39846443 10 2588671 6759343 512
40436271 10 2588671 6759343 512
40501809 10 2588671 6759343 512
40698419 10 2588671 6759343 512
40960566 10 2588671 6759343 512
41288250 10 2588671 6759343 512
41353788 10 2588671 6759343 512
41615936 10 2588671 6759343 512
41747012 10 2588671 6759359 512
42009161 10 2588671 6759359 512
42205772 10 2588671 6759359 512
42402385 10 2588671 6759359 512
42598998 10 2588671 6759359 512
42926686 10 2588671 6759359 512
42926688 10 2588671 6759359 512
43057765 10 2588671 6759359 512
43188843 10 2588671 6759375 512
43254387 10 2588671 6759375 512
43319926 10 2588671 6759375 512
43385467 10 2588671 6759375 512
43516558 10 62207 6759375 512
43516561 10 62207 6759375 512
43516567 10 62207 6759390 512
43516575 10 62207 6759390 512
43516587 10 62207 6759390 512
43516589 10 62207 6759390 512
43516596 10 62207 6759390 512
43451070 10 62207 6759390 512
43320006 10 62207 6759390 512
43188942 10 62207 6759390 512
42926808 10 62207 6759406 512
42730208 10 62207 6759406 512
42468078 10 62207 6759406 512
42337011 10 62207 6759406 512
42009339 10 62207 6759406 512
41681669 10 62207 6759406 512
41091862 10 62207 6759406 512
41026328 10 62207 6759406 512
40698657 10 62207 6759421 512
40370984 10 62207 6759421 512
39912239 10 62207 6759421 512
39453496 10 62207 6759421 512
38929217 10 62207 6759421 512
38273866 10 62207 6759421 512
37225304 10 62207 6759421 512
36963163 10 62207 6759437 512
36438883 10 62207 6759437 512
35783529 10 62207 6759437 512
34931569 10 62207 6759437 512
34669427 10 62207 6759437 512
34145143 10 62207 6759437 512
33489789 10 1498737 6759437 512
32310149 10 1498737 6759437 512
31327115 10 1498737 6759453 512
30606223 10 1498737 6759453 512
29688724 10 1498737 6759453 512
29426581 10 1498737 6759453 512
28967831 10 1498737 6759453 512
28443545 10 1498737 6759453 512
27984794 10 1498737 6759453 512
27460506 10 1498737 6759468 512
26936219 10 1498737 6759468 512
26411931 10 1498737 6759468 512
25691035 10 1498737 6759468 512
25559963 10 1498737 6759468 512
25232283 10 1498737 6759468 512
24773531 10 1498737 6759468 512
24249242 10 1498737 6759468 512
24052634 10 1498737 6759484 512
23790489 10 1498737 6759484 512
23528343 10 1498737 6759484 512
23135125 10 1498737 6759484 512
23004052 10 1498737 6759484 512
22807444 10 1498737 6759484 512
22479762 10 1498737 6759484 512
21955471 10 1498737 6759484 512
21824398 10 1498737 6759500 512
21496716 10 1498737 6759500 512
21365642 10 1498737 6759500 512
21234569 10 1498737 6759500 512
21103495 10 1498737 6759500 512
20579199 10 6471182 6759500 512
20579198 10 6471182 6759515 512
20513660 10 6471182 6759515 512
20382586 10 6471182 6759515 512
20251511 10 6471182 6759515 512
20251510 10 6471182 6759515 512
20120435 10 6471182 6759515 512
20120433 10 6471182 6759515 512
19989357 10 6471182 6759531 512
19989356 10 6471182 6759531 512
19923817 10 6471182 6759531 512
19858279 10 6471182 6759531 512
19858275 10 6471182 6759531 512
19858272 10 6471182 6759531 512
19858270 10 6471182 6759531 512
19858268 10 6471182 6759546 512
19858266 10 6471182 6759546 512
19858263 10 6471182 6759546 512
19858261 10 6471182 6759546 512
19989328 10 6471182 6759546 512
20054863 10 6471182 6759546 512
20120396 10 6471182 6759546 512
20251466 10 6471182 6759546 512
20513605 10 6471182 6759562 512
20579141 10 6471182 6759562 512
20841282 10 6471182 6759562 512
21037887 10 6471182 6759562 512
21365564 10 6471182 6759562 512
21693241 10 6471182 6759562 512
23266094 10 16759319 6759578 512
23462702 10 16759319 6759578 512
23921450 10 16759319 6759578 512
24445735 10 16759319 6759578 512
25494308 10 16759319 6759578 512
25625379 10 16759319 6759578 512
26084129 10 16759319 6759578 512
26739488 10 16759319 6759593 512
27591455 10 16759319 6759593 512
27853598 10 16759319 6759593 512
28508958 10 16759319 6759593 512
29229853 10 16759319 6759593 512
30147357 10 16759319 6759593 512
30409501 10 16759319 6759593 512
30999325 10 16759319 6759593 512
31720221 10 16759319 6759593 512
32441117 10 16759319 6759609 512
33030943 10 16759319 6759609 512
33751842 10 16759319 6759609 512
34407204 10 16759319 6759609 512
35259175 10 16759319 6759609 512
35586857 10 16759319 6759609 512
36176683 10 16759319 6759609 512
36766510 10 16759319 6759625 512
37684020 10 16759319 6759625 512
38011702 10 16759319 6759625 512
38470458 10 16759319 6759625 512
38929214 10 16759319 6759625 512
39584582 10 16759319 6759625 512
39715655 10 16759319 6759625 512
40764250 10 14253376 6759640 512
40895324 10 14253376 6759640 512
41157474 10 14253376 6759640 512
41354088 10 14253376 6759640 512
41550703 10 14253376 6759640 512
41747320 10 14253376 6759640 512
41943935 10 14253376 6759640 512
42075014 10 14253376 6759656 512
42402704 10 14253376 6759656 512
42468243 10 14253376 6759656 512
42533784 10 14253376 6759656 512
42664863 10 14253376 6759656 512
42795947 10 14253376 6759656 512
42795950 10 14253376 6759656 512
42861493 10 14253376 6759671 512
42927034 10 14253376 6759671 512
42927042 10 14253376 6759671 512
42992584 10 14253376 6759671 512
42992592 10 14253376 6759671 512
42992599 10 14253376 6759671 512
42927073 10 14253376 6759671 512
42730478 10 14253376 6759671 512
42533877 10 14253376 6759687 512
42271744 10 14253376 6759687 512
42206211 10 14253376 6759687 512
41944074 10 14253376 6759687 512
41747475 10 14253376 6759687 512
41288734 10 14253376 6759687 512
41157664 10 14253376 6759687 512
39715898 10 10766755 6759703 512
39519294 10 10766755 6759703 512
39060549 10 10766755 6759703 512
38536268 10 10766755 6759703 512
38208593 10 10766755 6759703 512
37880916 10 10766755 6759703 512
37684310 10 10766755 6759718 512
37291097 10 10766755 6759718 512
36308066 10 10766755 6759718 512
36176995 10 10766755 6759718 512
35652711 10 10766755 6759718 512
35259498 10 10766755 6759718 512
34538608 10 10766755 6759718 512
34342000 10 10766755 6759718 512
33948787 10 10766755 6759734 512
33490037 10 10766755 6759734 512
32900216 10 10766755 6759734 512
32769145 10 10766755 6759734 512
32441466 10 10766755 6759734 512
32113788 10 10766755 6759734 512
31720573 10 10766755 6759734 512
31523966 10 10766755 6759734 512
31261822 10 10766755 6759750 512
30999678 10 10766755 6759750 512
30737534 10 10766755 6759750 512
30475390 10 10766755 6759750 512
30213246 10 10766755 6759750 512
30016638 10 10766755 6759750 512
29623422 10 10766755 6759750 512
29492350 10 10766755 6759750 512
29099134 10 13217535 6759765 512
28771454 10 13217535 6759765 512
28705918 10 13217535 6759765 512
28574845 10 13217535 6759765 512
28312700 10 13217535 6759765 512
28050554 10 13217535 6759765 512
27985018 10 13217535 6759781 512
27788409 10 13217535 6759781 512
27329652 10 13217535 6759781 512
27264116 10 13217535 6759781 512
27133042 10 13217535 6759781 512
27067505 10 13217535 6759781 512
26936431 10 13217535 6759781 512
26805356 10 13217535 6759796 512
26739819 10 13217535 6759796 512
26608745 10 13217535 6759796 512
26412131 10 13217535 6759796 512
26346593 10 13217535 6759796 512
26281054 10 13217535 6759796 512
26149977 10 13217535 6759796 512
26149976 10 13217535 6759812 512
26149973 10 13217535 6759812 512
26084435 10 13217535 6759812 512
26084432 10 13217535 6759812 512
26084429 10 13217535 6759812 512
26084426 10 13217535 6759812 512
26084423 10 13217535 6759812 512
26084419 10 13217535 6759812 512
26084415 10 3550702 6759828 512
26215483 10 3550702 6759828 512
26477622 10 3550702 6759828 512
26543157 10 3550702 6759828 512
26674226 10 3550702 6759828 512
26936366 10 3550702 6759828 512
27264040 10 3550702 6759828 512
27395111 10 3550702 6759843 512
27657251 10 3550702 6759843 512
27919391 10 3550702 6759843 512
28378139 10 3550702 6759843 512
28574746 10 3550702 6759843 512
28902422 10 3550702 6759843 512
29361170 10 3550702 6759843 512
29754383 10 3550702 6759859 512
30344203 10 3550702 6759859 512
30802951 10 3550702 6759859 512
31458306 10 3550702 6759859 512
32506875 10 3550702 6759859 512
32703481 10 3550702 6759859 512
33162230 10 3550702 6759859 512
33752050 10 3550702 6759859 512
34800620 10 3550702 6759875 512
35128298 10 3550702 6759875 512
35652583 10 3550702 6759875 512
36307939 10 3550702 6759875 512
37159903 10 3550702 6759875 512
37356510 10 3550702 6759875 512
37815260 10 3550702 6759875 512
38339546 10 3550702 6759875 512
39322585 10 3550702 6759890 512
39519192 10 3550702 6759890 512
40764375 10 3550702 6759890 512
41157591 10 3550702 6759890 512
41616343 10 3550702 6759890 512
42075095 10 3550702 6759890 512
43779036 10 2588671 6759906 512
44106717 10 2588671 6759906 512
44696544 10 2588671 6759906 512
44827618 10 2588671 6759906 512
45155300 10 2588671 6759906 512
45548519 10 2588671 6759906 512
45876201 10 2588671 6759921 512
46072812 10 2588671 6759921 512
46334959 10 2588671 6759921 512
46531569 10 2588671 6759921 512
46924793 10 2588671 6759921 512
47055866 10 2588671 6759921 512
47252478 10 2588671 6759921 512
47449090 10 2588671 6759937 512
47711241 10 2588671 6759937 512
47973394 10 2588671 6759937 512
48104470 10 2588671 6759937 512
48301087 10 2588671 6759937 512
48432166 10 2588671 6759937 512
48563242 10 2588671 6759953 512
48628787 10 2588671 6759953 512
48694325 10 2588671 6759953 512
48759865 10 2588671 6759953 512
48759869 10 2588671 6759953 512
48825411 10 2588671 6759953 512
48825415 10 2588671 6759953 512
48825419 10 2588671 6759953 512
48825423 10 2588671 6759968 512
48694359 10 2588671 6759968 512
48628826 10 2588671 6759968 512
48497759 10 2588671 6759968 512
48366691 10 2588671 6759968 512
48104555 10 2588671 6759968 512
48104557 10 2588671 6759968 512
47907953 10 2588671 6759968 512
47252608 10 62207 6759984 512
47121540 10 62207 6759984 512
46793864 10 62207 6759984 512
46335118 10 62207 6759984 512
46138512 10 62207 6759984 512
45810837 10 62207 6759984 512
45483160 10 62207 6760000 512
45089948 10 62207 6760000 512
44762272 10 62207 6760000 512
44369059 10 62207 6760000 512
44106918 10 62207 6760000 512
44106918 10 62207 6760000 514
