70 140 660 1280
28705301 10 0 67468 513
28901895 10 0 67468 512
28967429 10 0 67500 512
30212568 10 0 67500 512
30343637 10 0 67531 512
31981981 10 0 67531 512
32113049 10 0 67546 512
32440716 10 0 67546 512
32637320 10 0 67546 512
32833923 10 0 67546 512
32833921 10 0 67546 512
33096059 10 0 67546 512
33227127 10 0 67546 512
33292661 10 0 67546 512
33554798 10 0 67578 512
34472283 10 0 67578 512
34537818 10 0 67593 512
35258709 10 0 67593 512
35324245 10 0 67609 512
35389781 10 0 67609 512
35520853 10 0 67609 512
35717460 10 0 67609 512
35848533 10 0 67609 512
35979607 10 0 67609 512
35979609 10 0 67625 512
36045146 10 0 67625 512
36110684 10 0 67625 512
36110685 10 0 67625 512
36110687 10 0 67625 512
36110689 10 0 67625 512
36176227 10 0 67625 512
36176229 10 0 67640 512
36176234 10 0 67640 512
36176235 10 0 67640 512
36176237 10 0 67640 512
36176240 10 0 67656 512
36241781 10 0 67656 512
36241785 10 0 67656 512
36307325 10 0 67656 512
36307330 10 0 67656 512
36307340 10 0 67656 512
36307342 10 0 67656 512
36307347 10 0 67671 512
36307354 10 0 67671 512
36110799 10 0 67671 512
36045272 10 0 67671 512
35979746 10 0 67687 512
34931249 10 0 67687 512
34538052 10 0 67687 512
34472521 10 0 67703 512
34079325 10 0 67703 512
33751655 10 0 67718 512
33555058 10 0 67718 512
33292922 10 0 67718 512
31130304 10 0 67718 512
30868169 10 0 67734 512
30540497 10 0 67734 512
29950688 10 0 67734 512
29491947 10 0 67734 512
29229810 10 0 67734 512
28639998 10 0 67734 512
28508928 10 0 67734 512
28377859 10 0 67734 512
28246789 10 0 67734 512
27919116 10 0 67734 512
27656977 10 0 67750 512
26542876 10 0 67750 512
26280735 10 0 67750 512
25887522 10 0 67750 512
25756450 10 0 67750 512
25494308 10 0 67765 512
25297701 10 0 67765 512
23986983 10 0 67781 512
23790375 10 0 67796 512
22676246 10 0 67796 512
22676245 10 0 67796 512
22610706 10 0 67796 512
22479630 10 0 67796 512
22414092 10 0 67812 512
22414089 10 0 67812 512
22414087 10 0 67812 512
22348542 10 0 67812 512
22348539 10 0 67812 512
22348537 10 0 67812 512
22348532 10 0 67828 512
22545125 10 0 67828 512
22610659 10 0 67828 512
22741727 10 0 67828 512
22741726 10 0 67843 512
22872796 10 0 67843 512
22938331 10 0 67843 512
23069401 10 0 67843 512
23134934 10 0 67843 512
23266005 10 0 67843 512
23331540 10 0 67843 512
23528146 10 0 67843 512
23593682 10 0 67843 512
23659217 10 0 67859 512
23724753 10 0 67859 512
23921360 10 0 67859 512
24445647 10 0 67875 512
24511183 10 0 67875 512
24642256 10 0 67875 512
24838864 10 0 67875 512
24904400 10 0 67875 512
25035473 10 0 67875 512
25232082 10 0 67875 512
25232082 10 0 67875 512
25363155 10 0 67875 512
25559764 10 0 67890 512
25690837 10 0 67890 512
25887447 10 0 67890 512
26477276 10 0 67890 512
26673886 10 0 67890 512
26870497 10 0 67906 512
27001570 10 0 67906 512
27001570 10 0 67906 514
27263719 10 0 67906 513
27525868 10 0 67906 512
27656941 10 0 67906 512
27656941 10 0 67906 514
22217586 10 0 79390 513
22217585 10 0 79390 512
22152048 10 0 79406 512
22152047 10 0 79406 512
22086511 10 0 79406 512
22020973 10 0 79406 512
22020972 10 0 79406 512
21955435 10 0 79406 512
21955434 10 0 79421 512
21889896 10 0 79421 512
21889895 10 0 79421 512
21889894 10 0 79421 512
21889892 10 0 79421 512
21824353 10 0 79421 512
21824352 10 0 79421 512
21758815 10 0 79421 512
21758813 10 0 79437 512
21758808 10 0 79437 512
21758806 10 0 79437 512
21758803 10 0 79437 512
21693264 10 0 79437 512
21693261 10 0 79437 512
21693258 10 0 79437 512
21627718 10 0 79453 512
21627714 10 0 79453 512
21627707 10 0 79453 512
21627705 10 0 79453 512
21627701 10 0 79453 512
21627696 10 0 79453 512
21627686 10 0 79453 512
21627684 10 0 79453 512
21627678 10 0 79468 512
21693207 10 0 79468 512
21758734 10 0 79468 512
21758731 10 0 79468 512
21824262 10 0 79468 512
21889791 10 0 79468 512
22020851 10 0 79468 512
22086384 10 0 79468 512
22151915 10 0 79484 512
22282980 10 0 79484 512
22414046 10 0 79484 512
22545111 10 0 79484 512
22741713 10 0 79484 512
22872778 10 0 79484 512
23200447 10 0 79484 512
23265980 10 0 79484 512
23462582 10 0 79500 512
23724718 10 0 79500 512
24117925 10 0 79500 512
24183457 10 0 79500 512
24445597 10 0 79500 512
24707736 10 0 79500 512
24904339 10 0 79500 512
25166478 10 0 79500 512
25363081 10 0 79515 512
25559686 10 0 79515 512
25821826 10 0 79515 512
25887361 10 0 79515 512
26149502 10 0 79515 512
26477178 10 0 79515 512
27001460 10 0 79515 512
27132531 10 0 79515 512
27394672 10 0 79531 512
27787885 10 0 79531 512
28443241 10 0 79531 512
28574311 10 0 79531 512
28901988 10 0 79531 512
29295203 10 0 79531 512
29885023 10 0 79531 512
29950559 10 0 79546 512
30212702 10 0 79546 512
30474845 10 0 79546 512
30736987 10 0 79546 512
30999131 10 0 79546 512
31261274 10 0 79546 512
31523418 10 0 79546 512
31785562 10 0 79546 512
31916634 10 0 79562 512
32113242 10 0 79562 512
32309851 10 0 79562 512
32506460 10 0 79562 512
32571996 10 0 79562 512
32703069 10 0 79562 512
32834142 10 0 79562 512
33161826 10 0 79562 512
33227363 10 0 79578 512
33358436 10 0 79578 512
33489510 10 0 79578 512
33751659 10 0 79578 512
33817196 10 0 79578 512
33882737 10 0 79578 512
34013812 10 0 79578 512
34210425 10 0 79578 512
34275964 10 0 79593 512
34407040 10 0 79593 512
34538118 10 0 79593 512
34669200 10 0 79593 512
34800275 10 0 79593 512
34865815 10 0 79593 512
34996893 10 0 79593 512
35193510 10 0 79593 512
35259048 10 0 79609 512
35324590 10 0 79609 512
35390132 10 0 79609 512
35455672 10 0 79609 512
35586749 10 0 79609 512
35652289 10 0 79609 512
35783367 10 0 79609 512
35914448 10 0 79609 512
35979986 10 0 79625 512
35979993 10 0 79625 512
36111070 10 0 79625 512
36176613 10 0 79625 512
36242155 10 0 79625 512
36373233 10 0 79625 512
36438774 10 0 79625 512
36569856 10 0 79640 512
36569858 10 0 79640 512
36635399 10 0 79640 512
36700940 10 0 79640 512
36832020 10 0 79640 512
36897564 10 0 79640 512
36963104 10 0 79640 512
36963108 10 0 79656 512
37028649 10 0 79656 512
37028652 10 0 79656 512
37094192 10 0 79656 512
37159733 10 0 79656 512
37159736 10 0 79656 512
37159739 10 0 79656 512
37159742 10 0 79656 512
37159746 10 0 79671 512
37159747 10 0 79671 512
37159749 10 0 79671 512
37159751 10 0 79671 512
37225290 10 0 79671 512
37225291 10 0 79671 512
37225292 10 0 79671 512
37225293 10 0 79687 512
37225295 10 0 79687 512
37225294 10 0 79718 512
37225293 10 0 79718 512
37290828 10 0 79718 512
37356362 10 0 79718 512
37356360 10 0 79718 512
37487430 10 0 79718 512
37487428 10 0 79734 512
37552961 10 0 79734 512
37618495 10 0 79734 512
37749562 10 0 79734 512
37815095 10 0 79734 512
37946160 10 0 79734 512
38011695 10 0 79734 512
38142763 10 0 79734 512
38142758 10 0 79750 512
38404894 10 0 79750 512
38404892 10 0 79750 512
38535959 10 0 79750 512
38667026 10 0 79750 512
38798093 10 0 79750 512
38929159 10 0 79750 512
38994690 10 0 79750 512
39060221 10 0 79765 512
39322356 10 0 79765 512
39322353 10 0 79765 512
39453420 10 0 79765 512
39518949 10 0 79765 512
39715549 10 0 79765 512
39781082 10 0 79765 512
39846613 10 0 79781 512
40108738 10 0 79781 512
40108736 10 0 79781 512
40174267 10 0 79781 512
40174263 10 0 79781 512
40174253 10 0 79781 512
40239788 10 0 79781 512
40239783 10 0 79796 512
40239779 10 0 79796 512
40239775 10 0 79796 512
40239769 10 0 79796 512
40239765 10 0 79796 512
40239760 10 0 79796 512
40239752 10 0 79796 512
40239749 10 0 79796 512
40239745 10 0 79812 512
40174205 10 0 79812 512
40108662 10 0 79812 512
40108660 10 0 79812 512
40043120 10 0 79812 512
39977579 10 0 79812 512
39846499 10 0 79812 512
39780961 10 0 79812 512
39649885 10 0 79828 512
39649880 10 0 79828 512
39322187 10 0 79828 512
39191109 10 0 79828 512
39060031 10 0 79828 512
38863417 10 0 79828 512
38732339 10 0 79828 512
38404647 10 0 79843 512
38011421 10 0 79843 512
37945883 10 0 79843 512
37814806 10 0 79843 512
37683728 10 0 79843 512
37356038 10 0 79843 512
37290500 10 0 79843 512
37093887 10 0 79859 512
36897273 10 0 79859 512
36766196 10 0 79859 512
36569582 10 0 79859 512
36372969 10 0 79859 512
36176357 10 0 79859 512
35848669 10 0 79859 512
35783131 10 0 79875 512
35586519 10 0 79875 512
35455443 10 0 79875 512
35127756 10 0 79875 512
34996683 10 0 79875 512
34800071 10 0 79875 512
34537922 10 0 79875 512
34144700 10 0 79875 512
34013627 10 0 79890 512
33817015 10 0 79890 512
33817015 10 0 79890 514
23593418 10 1498737 81734 513
23658954 10 6471182 81750 512
23658953 10 6471182 81750 512
23724488 10 6471182 81765 512
23790023 10 6471182 81765 512
23855558 10 6471182 81765 512
23921093 10 6471182 81765 512
23986628 10 6471182 81765 512
24052162 10 6471182 81765 512
24183232 10 6471182 81765 512
24314302 10 6471182 81781 512
24445370 10 6471182 81781 512
24510905 10 6471182 81781 512
24641976 10 6471182 81781 512
24773045 10 6471182 81781 512
24904114 10 6471182 81781 512
24969649 10 6471182 81781 512
25035183 10 6471182 81781 512
25166253 10 6471182 81796 512
25297322 10 6471182 81796 512
25493926 10 6471182 81796 512
25690531 10 6471182 81796 512
25887134 10 6471182 81796 512
26214808 10 6471182 81796 512
26542482 10 16759319 81812 512
26804621 10 16759319 81812 512
27328902 10 16759319 81812 512
27722112 10 16759319 81812 512
27984251 10 16759319 81812 512
28377462 10 16759319 81812 512
28442996 10 16759319 81812 512
28705138 10 16759319 81812 512
28901743 10 16759319 81828 512
29229419 10 16759319 81828 512
29294954 10 16759319 81828 512
29557096 10 16759319 81828 512
29753703 10 16759319 81828 512
30146916 10 16759319 81828 512
30212452 10 16759319 81828 512
30343523 10 16759319 81843 512
30540130 10 16759319 81843 512
30671202 10 16759319 81843 512
30867810 10 16759319 81843 512
31064418 10 16759319 81843 512
31261026 10 16759319 81843 512
31588707 10 16759319 81843 512
31588708 10 16759319 81843 512
31785317 10 16759319 81859 512
32178538 10 14253376 81859 512
32178539 10 14253376 81859 512
32309613 10 14253376 81859 512
32440689 10 14253376 81859 512
32637304 10 14253376 81859 512
32702841 10 14253376 81859 512
32833919 10 14253376 81875 512
32964996 10 14253376 81875 512
33096075 10 14253376 81875 512
33161616 10 14253376 81875 512
33227157 10 14253376 81875 512
33292699 10 14253376 81875 512
33358253 10 14253376 81875 512
33358261 10 14253376 81890 512
33358269 10 14253376 81890 512
33358281 10 14253376 81890 512
33358286 10 14253376 81890 512
33358294 10 14253376 81890 512
33358303 10 14253376 81890 512
33292775 10 14253376 81890 512
33227249 10 14253376 81890 512
33161723 10 14253376 81906 512
32965144 10 14253376 81906 512
32899619 10 14253376 81906 512
32703022 10 14253376 81906 512
32571960 10 14253376 81906 512
32244300 10 14253376 81906 512
32113232 10 14253376 81906 512
31916634 10 14253376 81921 512
31195771 10 10766755 81921 512
31064704 10 10766755 81921 512
30737035 10 10766755 81921 512
30474900 10 10766755 81921 512
30212765 10 10766755 81921 512
29885096 10 10766755 81937 512
29622962 10 10766755 81937 512
29360827 10 10766755 81937 512
28705486 10 10766755 81937 512
28639954 10 10766755 81937 512
28246748 10 10766755 81937 512
27919078 10 10766755 81937 512
27525872 10 10766755 81937 512
27263735 10 10766755 81953 512
27001600 10 10766755 81953 512
26804998 10 10766755 81953 512
26542860 10 10766755 81953 512
26477325 10 10766755 81953 512
26346257 10 10766755 81953 512
26084118 10 10766755 81953 512
25821980 10 10766755 81953 512
25559840 10 10766755 81968 512
25363236 10 10766755 81968 512
25166631 10 10766755 81968 512
24838956 10 10766755 81968 512
24773421 10 10766755 81968 512
24642350 10 10766755 81968 512
24445744 10 10766755 81968 512
24249138 10 10766755 81984 512
24183603 10 10766755 81984 512
24052531 10 10766755 81984 512
23986996 10 10766755 81984 512
23724852 10 13217535 81984 512
23593780 10 13217535 82000 512
23528244 10 13217535 82000 512
23462708 10 13217535 82000 512
23397170 10 13217535 82000 512
23397168 10 13217535 82000 512
23331632 10 13217535 82015 512
23331630 10 13217535 82015 512
23266090 10 13217535 82015 512
23266089 10 13217535 82015 512
23200550 10 13217535 82031 512
23200548 10 13217535 82031 512
23200543 10 13217535 82031 512
23200542 10 13217535 82031 512
23200539 10 13217535 82031 512
23528191 10 13217535 82031 512
24052462 10 3550702 82046 512
24511206 10 3550702 82046 512
24838878 10 3550702 82046 512
25101019 10 3550702 82046 512
25297623 10 3550702 82046 512
25559763 10 3550702 82062 512
25887441 10 3550702 82062 512
26018510 10 3550702 82062 512
26346189 10 3550702 82062 512
26542795 10 3550702 82062 512
26936009 10 3550702 82062 512
27263687 10 3550702 82062 512
27656903 10 3550702 82078 512
28312263 10 3550702 82078 512
28508871 10 3550702 82078 512
28836551 10 3550702 82078 512
29229767 10 3550702 82078 512
29688519 10 3550702 82078 512
30147271 10 3550702 82078 512
30606025 10 3550702 82078 512
31130315 10 3550702 82093 512
32047825 10 3550702 82093 512
32375507 10 3550702 82093 512
32965335 10 3550702 82093 512
33555163 10 3550702 82093 512
34603748 10 3550702 82093 512
34865894 10 3550702 82093 512
35390187 10 3550702 82093 512
37487362 10 2588671 82109 512
38077192 10 2588671 82109 512
38667024 10 2588671 82109 512
39322393 10 2588671 82109 512
39387931 10 2588671 82109 512
39715616 10 2588671 82109 512
40108838 10 2588671 82125 512
40698672 10 2588671 82125 512
40764211 10 2588671 82125 512
41157435 10 2588671 82125 512
41485123 10 2588671 82125 512
42009427 10 2588671 82125 512
42074966 10 2588671 82125 512
42402652 10 2588671 82125 512
42599270 10 2588671 82140 512
43058036 10 2588671 82140 512
43123575 10 2588671 82140 512
43320189 10 2588671 82140 512
43582339 10 2588671 82140 512
43713416 10 2588671 82140 512
43910028 10 2588671 82140 512
44041104 10 2588671 82140 512
44237716 10 2588671 82156 512
44303256 10 2588671 82156 512
44368793 10 2588671 82156 512
44434330 10 2588671 82156 512
44499868 10 2588671 82156 512
44565405 10 2588671 82156 512
44565404 10 62207 82187 512
44565403 10 62207 82187 512
44565400 10 62207 82187 512
44565399 10 62207 82187 512
44565397 10 62207 82187 512
44499858 10 62207 82187 512
44368780 10 62207 82187 512
44368778 10 62207 82187 512
44303238 10 62207 82203 512
44237698 10 62207 82203 512
44041082 10 62207 82203 512
44041079 10 62207 82203 512
43910002 10 62207 82203 512
43778926 10 62207 82203 512
43582308 10 62207 82203 512
43516769 10 62207 82203 512
43385691 10 62207 82218 512
43189076 10 62207 82218 512
42926920 10 62207 82218 512
42861381 10 62207 82218 512
42664764 10 62207 82218 512
42402610 10 62207 82218 512
42271529 10 62207 82218 512
42074913 10 62207 82218 512
41878295 10 62207 82234 512
41091835 10 1498737 82234 512
40764145 10 1498737 82234 512
39781069 10 1498737 82234 512
39584456 10 1498737 82234 512
39387840 10 1498737 82250 512
38994614 10 1498737 82250 512
38470308 10 1498737 82250 512
38404769 10 1498737 82250 512
38077078 10 1498737 82250 512
37814923 10 1498737 82250 512
37290614 10 1498737 82250 512
37225075 10 1498737 82265 512
36962920 10 1498737 82265 512
36766303 10 1498737 82265 512
36307531 10 1498737 82265 512
36176456 10 1498737 82265 512
35979838 10 1498737 82265 512
35848758 10 1498737 82265 512
35586601 10 1498737 82265 512
35521063 10 1498737 82281 512
35324450 10 1498737 82281 512
35258908 10 1498737 82281 512
35062292 10 1498737 82281 512
35062290 10 1498737 82281 512
34931213 10 1498737 82281 512
34865673 10 1498737 82281 512
34865670 10 1498737 82281 512
34800132 10 1498737 82296 512
34734594 10 1498737 82296 512
34669052 10 6471182 82296 512
34603515 10 6471182 82296 512
34603513 10 6471182 82296 512
34537977 10 6471182 82328 512
34472441 10 6471182 82328 512
34472443 10 6471182 82343 512
34472445 10 6471182 82343 512
34406910 10 6471182 82343 512
34341376 10 6471182 82343 512
34275845 10 6471182 82343 512
34210312 10 6471182 82343 512
34144779 10 6471182 82359 512
34013714 10 6471182 82359 512
33948180 10 6471182 82359 512
33948184 10 6471182 82359 512
33620519 10 16759319 82359 512
33489452 10 16759319 82359 512
33358386 10 16759319 82359 512
33227320 10 16759319 82375 512
33096254 10 16759319 82375 512
32965187 10 16759319 82375 512
32768587 10 16759319 82375 512
32506455 10 16759319 82375 512
32440922 10 16759319 82375 512
32244321 10 16759319 82375 512
32047722 10 16759319 82390 512
31720055 10 16759319 82390 512
31720058 10 16759319 82390 512
31457924 10 16759319 82390 512
31326860 10 16759319 82390 512
31130262 10 16759319 82390 512
30933665 10 16759319 82390 512
30737067 10 16759319 82390 512
30474934 10 16759319 82406 512
30278337 10 16759319 82406 512
30147275 10 16759319 82406 512
29950678 10 16759319 82406 512
29688545 10 16759319 82406 512
29426420 10 16759319 82406 512
29426425 10 16759319 82406 512
29164293 10 16759319 82406 512
29098769 10 16759319 82421 512
28705578 10 16759319 82421 512
28705584 10 16759319 82421 512
27919214 10 14253376 82421 512
27722617 10 14253376 82421 512
27591555 10 14253376 82437 512
27460493 10 14253376 82437 512
27198360 10 14253376 82437 512
27067298 10 14253376 82437 512
26936236 10 14253376 82437 512
26739639 10 14253376 82437 512
26608577 10 14253376 82437 512
26411978 10 14253376 82437 512
26215379 10 14253376 82453 512
25887715 10 14253376 82453 512
25887717 10 14253376 82453 512
25756652 10 14253376 82453 512
25560053 10 14253376 82453 512
25297919 10 14253376 82453 512
25232387 10 14253376 82453 512
24773653 10 14253376 82468 512
24577053 10 14253376 82468 512
24511519 10 14253376 82468 512
24380452 10 14253376 82468 512
24183849 10 14253376 82468 512
24118316 10 14253376 82468 512
23987250 10 14253376 82468 512
23790646 10 14253376 82468 512
23725111 10 14253376 82484 512
23594043 10 14253376 82484 512
23462975 10 14253376 82484 512
23135300 10 10766755 82484 512
23004231 10 10766755 82500 512
23004231 10 10766755 82500 514
