70 140 660 1280
14287323 10 6132186 9910484 513
17564094 10 6132186 9910484 512
18612661 10 6132186 9910484 512
19726764 10 6132186 9910500 512
20906403 10 6132186 9910500 512
22217115 10 6132186 9910515 512
23396754 10 6132186 9910531 512
24576396 10 6132186 9910531 512
25624966 10 6132186 9910546 512
26608002 10 6132186 9910546 512
27525501 10 6132186 9910562 512
28311928 10 6132186 9910562 512
29163891 10 6132186 9910578 512
29163891 10 6132186 9910640 514
24117642 10 6132186 9910843 513
26149282 10 6132186 9910843 512
26870187 10 6132186 9910859 512
27656628 10 6132186 9910875 512
28377534 10 6132186 9910890 512
28705224 10 6132186 9910906 512
28705224 10 6132186 9910937 514
14418504 10 6132186 9911156 513
17629764 10 6132186 9911156 512
18547267 10 6132186 9911156 512
19595841 10 6132186 9911171 512
20644415 10 6132186 9911171 512
21692989 10 6132186 9911187 512
22807099 10 6132186 9911187 512
23790138 10 6132186 9911203 512
24838712 10 6132186 9911203 512
25756214 10 6132186 9911218 512
26673715 10 6132186 9911234 512
27525681 10 6132186 9911234 512
28312111 10 6132186 9911250 512
29229612 10 6132186 9911265 512
30147111 10 6132186 9911281 512
30147111 10 6132186 9911312 514
34406851 10 6132186 9911515 513
35324351 10 6132186 9911515 512
36897216 10 6132186 9911515 512
37880260 10 6132186 9911531 512
38863307 10 6132186 9911546 512
39649749 10 6132186 9911562 512
40174049 10 6132186 9911578 512
40436209 10 6132186 9911593 512
40436223 10 6132186 9911609 512
40239631 10 6132186 9911625 512
39977502 10 6132186 9911625 512
39518763 10 6132186 9911640 512
38994485 10 6132186 9911656 512
38404670 10 6132186 9911656 512
38404670 10 6132186 9911687 514
16581350 10 6132186 9911921 513
16712437 10 6132186 9911921 512
16712455 10 6132186 9911937 512
16778007 10 6132186 9911937 512
16909096 10 6132186 9911953 512
16974648 10 6132186 9911984 512
17171261 10 6132186 9912015 512
17171261 10 6132186 9912046 514
23200429 10 6132186 9912187 513
23069368 10 6132186 9912187 512
22479570 10 6132186 9912187 512
22151904 10 6132186 9912203 512
21889776 10 6132186 9912203 512
21627647 10 6132186 9912234 512
21496591 10 6132186 9912250 512
21168939 10 6132186 9912265 512
21103416 10 6132186 9912281 512
20906821 10 6132186 9912296 512
20972361 10 6132186 9912328 512
21037895 10 6132186 9912343 512
21234497 10 6132186 9912359 512
21824300 10 6132186 9912375 512
22479635 10 6132186 9912390 512
23266044 10 6132186 9912406 512
23790323 10 6132186 9912421 512
24969957 10 6132186 9912421 512
25821920 10 6132186 9912437 512
26804958 10 6132186 9912453 512
27591394 10 6132186 9912468 512
28181227 10 6132186 9912500 512
28377849 10 6132186 9912515 512
28246791 10 6132186 9912531 512
27919127 10 6132186 9912546 512
27263782 10 6132186 9912562 512
26542898 10 6132186 9912578 512
25756471 10 6132186 9912593 512
25101108 10 6132186 9912609 512
24707883 10 6132186 9912625 512
24445729 10 6132186 9912640 512
24511241 10 6132186 9912656 512
24773371 10 6132186 9912671 512
24773371 10 6132186 9912687 514
31130286 10 6132186 9912843 513
32309936 10 6132186 9912859 512
32572143 10 6132186 9912875 512
31916812 10 6132186 9912875 512
31458073 10 6132186 9912875 512
30999335 10 6132186 9912890 512
30540596 10 6132186 9912890 512
29885248 10 6132186 9912906 512
29295436 10 6132186 9912921 512
28640086 10 6132186 9912921 512
27984736 10 6132186 9912937 512
27263848 10 6132186 9912937 512
26542959 10 6132186 9912953 512
25756532 10 6132186 9912968 512
25756532 10 6132186 9912984 514
16384912 10 6132186 9913156 513
19530633 10 6132186 9913156 512
20579207 10 6132186 9913171 512
21693316 10 6132186 9913171 512
22872962 10 6132186 9913187 512
24118144 10 6132186 9913187 512
25363326 10 6132186 9913203 512
26608509 10 6132186 9913203 512
27853692 10 6132186 9913218 512
29033339 10 6132186 9913218 512
30147450 10 6132186 9913234 512
31130490 10 6132186 9913234 512
32047995 10 6132186 9913250 512
32899965 10 6132186 9913265 512
33751934 10 6132186 9913281 512
34472834 10 6132186 9913296 512
34669447 10 6132186 9913312 512
34538381 10 6132186 9913328 512
34538381 10 6132186 9913359 514
17957932 10 6132186 9913609 513
17957932 10 6132186 9913609 514
22807513 10 6132186 9913718 513
21496840 10 6132186 9913718 512
21038103 10 6132186 9913734 512
20644901 10 6132186 9913734 512
20251700 10 6132186 9913750 512
19924034 10 6132186 9913765 512
19596368 10 6132186 9913781 512
19792986 10 6132186 9913812 512
20186204 10 6132186 9913828 512
20776024 10 6132186 9913828 512
21562445 10 6132186 9913843 512
22414398 10 6132186 9913859 512
23331885 10 6132186 9913859 512
24314908 10 6132186 9913875 512
25429003 10 6132186 9913875 512
26477562 10 6132186 9913890 512
27526123 10 6132186 9913890 512
28378077 10 6132186 9913906 512
29164498 10 6132186 9913906 512
29230030 10 6132186 9913968 512
28902351 10 6132186 9913968 512
28247000 10 6132186 9913984 512
27460580 10 6132186 9914000 512
26739698 10 6132186 9914000 512
26215424 10 6132186 9914015 512
25887758 10 6132186 9914031 512
25756699 10 6132186 9914046 512
25756713 10 6132186 9914062 512
26018870 10 6132186 9914078 512
26346562 10 6132186 9914093 512
26477646 10 6132186 9914140 512
26477646 10 6132186 9914171 514
19072146 10 6132186 9914359 513
22283401 10 6132186 9914359 512
23594118 10 6132186 9914375 512
24839299 10 6132186 9914390 512
26018944 10 6132186 9914406 512
27133054 10 6132186 9914437 512
28116094 10 6132186 9914468 512
28836994 10 6132186 9914500 512
28968071 10 6132186 9914531 512
28837006 10 6132186 9914578 512
28443798 10 6132186 9914593 512
27919519 10 6132186 9914625 512
27460777 10 6132186 9914640 512
27067574 10 6132186 9914656 512
26739908 10 6132186 9914671 512
26477778 10 6132186 9914703 512
26215639 10 6132186 9914750 512
26215639 10 6132186 9914796 514
30278723 10 6132186 9914953 513
31458365 10 6132186 9914953 512
32572476 10 6132186 9914953 512
33293374 10 6132186 9914984 512
34014277 10 6132186 9915000 512
34473040 10 6132186 9915015 512
34800733 10 6132186 9915015 512
34800745 10 6132186 9915031 512
34735222 10 6132186 9915031 512
34604164 10 6132186 9915046 512
34473105 10 6132186 9915046 512
34276511 10 6132186 9915062 512
34014381 10 6132186 9915078 512
33752249 10 6132186 9915078 512
33490117 10 6132186 9915093 512
33162448 10 6132186 9915093 512
32638171 10 6132186 9915109 512
32638171 10 6132186 9915171 514
