70 140 660 1280
20775412 10 0 21668546 513
19530261 10 0 21668562 512
19923487 10 0 21668578 512
20513318 10 0 21668593 512
21168681 10 0 21668609 512
21889576 10 0 21668625 512
22610470 10 0 21668640 512
22610470 10 0 21668687 514
17957457 10 0 21668906 513
19858007 10 0 21668906 512
20841046 10 0 21668921 512
21824086 10 0 21668937 512
22217298 10 0 21669031 512
22086224 10 0 21669078 512
21758546 10 0 21669140 512
21299800 10 0 21669156 512
20906594 10 0 21669171 512
20578926 10 0 21669218 512
20578926 10 0 21669265 514
24248886 10 0 21669453 513
26608179 10 0 21669453 512
27263545 10 0 21669468 512
27394626 10 0 21669500 512
27066957 10 0 21669515 512
26477143 10 0 21669515 512
25690718 10 0 21669531 512
24773218 10 0 21669562 512
24117855 10 0 21669593 512
23921239 10 0 21669609 512
24183372 10 0 21669625 512
24707650 10 0 21669640 512
24707650 10 0 21669718 514
18088592 10 0 21670015 513
18219677 10 0 21670015 512
20120220 10 0 21670031 512
20382354 10 0 21670031 512
20578961 10 0 21670093 512
20644503 10 0 21670109 512
20578976 10 0 21670125 512
20775589 10 0 21670171 512
21103269 10 0 21670187 512
21562016 10 0 21670203 512
22217369 10 0 21670218 512
23003793 10 0 21670234 512
23724687 10 0 21670250 512
24117908 10 0 21670281 512
24248990 10 0 21670296 512
23986858 10 0 21670312 512
23397044 10 0 21670328 512
22872758 10 0 21670375 512
22479539 10 0 21670390 512
22413994 10 0 21670406 512
22413994 10 0 21670484 514
18481867 10 0 21670625 513
19006161 10 0 21670625 512
20316888 10 0 21670640 512
21234395 10 0 21670640 512
22282972 10 0 21670671 512
22741723 10 0 21670734 512
22741721 10 0 21670750 512
22479578 10 0 21670812 512
22151902 10 0 21670828 512
21758694 10 0 21670859 512
21496561 10 0 21670875 512
21299957 10 0 21670937 512
21234417 10 0 21670953 512
21431014 10 0 21670984 512
21758680 10 0 21671000 512
22151881 10 0 21671015 512
22807228 10 0 21671031 512
23462577 10 0 21671046 512
24249001 10 0 21671078 512
25035429 10 0 21671093 512
25756325 10 0 21671109 512
26542759 10 0 21671125 512
27132589 10 0 21671140 512
27460279 10 0 21671156 512
27460290 10 0 21671171 512
27198157 10 0 21671187 512
26870488 10 0 21671203 512
25756400 10 0 21671218 512
25756400 10 0 21671250 514
19661614 10 0 21671421 513
20120352 10 0 21671437 512
22020878 10 0 21671453 512
22676240 10 0 21671468 512
22938392 10 0 21671484 512
22938403 10 0 21671500 512
22610733 10 0 21671515 512
22020917 10 0 21671546 512
21365559 10 0 21671562 512
20972346 10 0 21671625 512
20775745 10 0 21671640 512
20513609 10 0 21671656 512
20120402 10 0 21671687 512
19661658 10 0 21671718 512
19465054 10 0 21671812 512
19727200 10 0 21671828 512
20317024 10 0 21671843 512
21103456 10 0 21671859 512
21955422 10 0 21671906 512
21955422 10 0 21671953 514
22545237 10 0 21671968 513
22938443 10 0 21671968 512
23069511 10 0 21672031 512
23003977 10 0 21672046 512
22938449 10 0 21672062 512
22872924 10 0 21672093 512
23135074 10 0 21672125 512
23593828 10 0 21672140 512
24249184 10 0 21672156 512
24970075 10 0 21672171 512
25559899 10 0 21672234 512
25887586 10 0 21672250 512
25887596 10 0 21672265 512
25690999 10 0 21672281 512
25494402 10 0 21672421 512
25494402 10 0 21672453 514
