70 140 660 1280
19136782 10 16759319 10121656 513
20054284 10 16759319 10121656 512
21823748 10 16759319 10121656 512
23068928 10 16759319 10121671 512
24445180 10 16759319 10121671 512
25952504 10 14253376 10121687 512
27525365 10 14253376 10121687 512
29229298 10 14253376 10121703 512
30998767 10 14253376 10121703 512
32702699 10 14253376 10121718 512
34341096 10 14253376 10121718 512
35782884 10 14253376 10121734 512
37028065 10 14253376 10121734 512
38076638 10 10766755 10121765 512
38535392 10 10766755 10121796 512
38535397 10 13217535 10121812 512
37945581 10 13217535 10121812 512
36962550 10 13217535 10121828 512
35651842 10 13217535 10121843 512
34144527 10 13217535 10121843 512
32571677 10 13217535 10121859 512
30998828 10 13217535 10121859 512
29557051 10 3550702 10121875 512
28246344 10 3550702 10121875 512
27066709 10 3550702 10121890 512
26083680 10 3550702 10121890 512
25166185 10 3550702 10121906 512
25166185 10 2588671 10121937 514
29753652 10 6471182 10122140 513
31129909 10 6471182 10122140 512
32964919 10 6471182 10122140 512
33816889 10 6471182 10122140 512
34734395 10 6471182 10122156 512
35586364 10 6471182 10122171 512
36372797 10 6471182 10122171 512
37290303 10 16759319 10122187 512
38142273 10 16759319 10122218 512
38142273 10 14253376 10122250 514
30671247 10 3550702 10122468 513
32833908 10 3550702 10122468 512
33554803 10 2588671 10122500 512
33882487 10 2588671 10122515 512
33751422 10 2588671 10122531 512
33358214 10 2588671 10122546 512
32768396 10 62207 10122562 512
31981967 10 62207 10122593 512
31523212 10 1498737 10122625 512
31523212 10 1498737 10122671 514
28967330 10 10766755 10122890 513
27853258 10 10766755 10122890 512
27328980 10 10766755 10122890 512
26739165 10 10766755 10122906 512
26149350 10 10766755 10122906 512
25559536 10 10766755 10122921 512
25035257 10 10766755 10122921 512
24510978 10 13217535 10122937 512
23921162 10 13217535 10122953 512
23855627 10 3550702 10123000 512
24183304 10 3550702 10123015 512
24773124 10 3550702 10123015 512
25559550 10 3550702 10123031 512
26477049 10 3550702 10123031 512
27525620 10 3550702 10123046 512
28639728 10 3550702 10123046 512
29819371 10 2588671 10123062 512
30999014 10 2588671 10123078 512
32178658 10 2588671 10123078 512
33358302 10 2588671 10123093 512
34537945 10 2588671 10123093 512
35652052 10 2588671 10123109 512
36700623 10 2588671 10123109 512
37749193 10 62207 10123125 512
38666692 10 62207 10123125 512
39715261 10 62207 10123140 512
40632758 10 62207 10123156 512
41353645 10 62207 10123171 512
41419175 10 1498737 10123218 512
41157030 10 1498737 10123234 512
40632747 10 1498737 10123234 512
39977396 10 6471182 10123250 512
39190977 10 6471182 10123265 512
38470096 10 6471182 10123265 512
37683682 10 6471182 10123281 512
36897269 10 6471182 10123281 512
36110859 10 6471182 10123296 512
35324452 10 6471182 10123296 512
34472511 10 16759319 10123312 512
33751644 10 16759319 10123312 512
32899706 10 16759319 10123328 512
32113305 10 16759319 10123328 512
31326906 10 16759319 10123343 512
30606045 10 16759319 10123343 512
29885184 10 16759319 10123359 512
29229858 10 14253376 10123375 512
28574533 10 14253376 10123375 512
27984743 10 14253376 10123390 512
27394955 10 14253376 10123390 512
26870702 10 14253376 10123406 512
26346449 10 14253376 10123406 512
25887731 10 14253376 10123421 512
25494546 10 14253376 10123421 512
25166895 10 10766755 10123437 512
24904777 10 10766755 10123453 512
24708192 10 10766755 10123453 512
24577139 10 10766755 10123468 512
24577156 10 10766755 10123484 512
24380557 10 13217535 10123500 512
24380557 10 13217535 10123531 514
39584335 10 16759319 10123921 513
39518814 10 16759319 10123937 512
38404727 10 16759319 10123953 512
37749375 10 16759319 10123968 512
37028484 10 14253376 10123984 512
36307588 10 14253376 10124000 512
35652225 10 10766755 10124015 512
35455613 10 13217535 10124078 512
35652221 10 13217535 10124093 512
35914370 10 13217535 10124109 512
36438666 10 13217535 10124125 512
37028500 10 3550702 10124140 512
37618333 10 3550702 10124156 512
38011559 10 3550702 10124171 512
38339249 10 3550702 10124187 512
38339249 10 2588671 10124250 514
26542703 10 14253376 10124531 513
26542703 10 14253376 10124531 514
25100966 10 3550702 10124718 513
28705471 10 3550702 10124718 512
29885121 10 3550702 10124718 512
31064771 10 3550702 10124734 512
32309957 10 2588671 10124750 512
33489606 10 2588671 10124750 512
34603720 10 2588671 10124765 512
35652297 10 2588671 10124765 512
36635339 10 2588671 10124781 512
37487309 10 2588671 10124781 512
38339280 10 2588671 10124796 512
38535890 10 1498737 10124875 512
38404819 10 1498737 10124875 512
37880533 10 1498737 10124890 512
37159638 10 1498737 10124890 512
36373207 10 1498737 10124906 512
35455706 10 1498737 10124921 512
34538205 10 6471182 10124937 512
33686243 10 6471182 10124968 512
33358570 10 6471182 10124984 512
33489651 10 16759319 10125000 512
34013947 10 16759319 10125015 512
34734852 10 16759319 10125031 512
35521292 10 16759319 10125046 512
35914517 10 10766755 10125125 512
35652379 10 10766755 10125140 512
34997023 10 10766755 10125156 512
34079522 10 10766755 10125171 512
33686309 10 13217535 10125218 512
33686312 10 13217535 10125234 512
34145067 10 3550702 10125250 512
34800431 10 3550702 10125265 512
35455797 10 3550702 10125296 512
35914557 10 2588671 10125312 512
35980103 10 2588671 10125328 512
35783505 10 2588671 10125343 512
35128153 10 2588671 10125359 512
34276192 10 62207 10125390 512
33948513 10 1498737 10125468 512
34079587 10 1498737 10125484 512
34341735 10 6471182 10125515 512
34407277 10 6471182 10125531 512
34145142 10 6471182 10125546 512
33555328 10 16759319 10125562 512
32834440 10 16759319 10125593 512
32572298 10 14253376 10125625 512
32703369 10 14253376 10125640 512
33424263 10 14253376 10125656 512
34276230 10 14253376 10125671 512
35259271 10 10766755 10125687 512
36045709 10 10766755 10125703 512
36504473 10 10766755 10125718 512
36701094 10 10766755 10125718 512
36570035 10 10766755 10125734 512
36242368 10 10766755 10125734 512
35718092 10 13217535 10125750 512
34997207 10 13217535 10125765 512
34210786 10 13217535 10125765 512
33424364 10 13217535 10125781 512
32506869 10 13217535 10125781 512
31654906 10 13217535 10125796 512
30999546 10 3550702 10125812 512
30737394 10 3550702 10125843 512
30802919 10 3550702 10125843 512
31130588 10 3550702 10125859 512
31589329 10 3550702 10125859 512
32244680 10 2588671 10125875 512
32965569 10 2588671 10125875 512
33686459 10 2588671 10125890 512
34407352 10 2588671 10125890 512
35259321 10 2588671 10125906 512
36045760 10 62207 10125937 512
36570058 10 62207 10125937 512
36897750 10 62207 10125953 512
37028836 10 62207 10125953 512
36832243 10 62207 10125968 512
36570115 10 62207 10125968 512
36242452 10 62207 10125984 512
35849253 10 62207 10125984 512
35456054 10 1498737 10126000 512
35062853 10 1498737 10126000 512
34669649 10 1498737 10126015 512
34669649 10 1498737 10126046 514
38864066 10 14253376 10126781 513
37553307 10 14253376 10126796 512
36766867 10 14253376 10126812 512
35849357 10 14253376 10126828 512
34997389 10 14253376 10126843 512
33490068 10 14253376 10126859 512
33031325 10 14253376 10126875 512
32703657 10 14253376 10126890 512
32507062 10 10766755 10126906 512
32834750 10 10766755 10126937 512
33359041 10 13217535 10126953 512
34014398 10 13217535 10126968 512
34604216 10 13217535 10127000 512
34931895 10 3550702 10127046 512
34997434 10 3550702 10127062 512
34866369 10 3550702 10127078 512
34276568 10 3550702 10127093 512
34014438 10 3550702 10127109 512
33883379 10 3550702 10127125 512
34079995 10 2588671 10127156 512
34604284 10 2588671 10127171 512
35194103 10 2588671 10127187 512
36701406 10 2588671 10127203 512
38536376 10 2588671 10127218 512
40502415 10 2588671 10127234 512
42337392 10 2588671 10127250 512
42337392 10 62207 10127281 514
