70 140 660 1280
24838411 10 10766755 2110437 513
22151477 10 10766755 2110437 512
21561664 10 10766755 2110437 512
21037386 10 10766755 2110453 512
20578645 10 10766755 2110453 512
20185440 10 10766755 2110468 512
19857772 10 10766755 2110484 512
19726714 10 10766755 2110500 512
19988870 10 10766755 2110515 512
20578706 10 10766755 2110531 512
21299610 10 10766755 2110531 512
22020511 10 10766755 2110546 512
23003555 10 10766755 2110562 512
23986597 10 10766755 2110578 512
24969637 10 10766755 2110593 512
25887141 10 10766755 2110609 512
26804644 10 10766755 2110625 512
26804644 10 10766755 2110656 514
25887079 10 10766755 2110875 513
26804586 10 10766755 2110890 512
29360493 10 10766755 2110906 512
30409069 10 10766755 2110921 512
31392108 10 10766755 2110937 512
32309609 10 10766755 2110953 512
33161571 10 10766755 2110968 512
33751386 10 10766755 2111000 512
34341200 10 10766755 2111015 512
34537805 10 10766755 2111093 512
34341198 10 10766755 2111093 512
34013524 10 10766755 2111109 512
33554781 10 10766755 2111125 512
32440693 10 10766755 2111140 512
31261072 10 10766755 2111156 512
30212525 10 10766755 2111171 512
29557179 10 10766755 2111187 512
28508628 10 10766755 2111203 512
28115426 10 10766755 2111218 512
27722223 10 10766755 2111250 512
27722223 10 10766755 2111296 514
15860287 10 10766755 2111546 513
16515653 10 10766755 2111546 512
17957451 10 10766755 2111562 512
18809421 10 10766755 2111562 512
19595853 10 10766755 2111578 512
20447818 10 10766755 2111593 512
21103170 10 10766755 2111609 512
21692982 10 10766755 2111625 512
22217258 10 10766755 2111640 512
22807068 10 10766755 2111656 512
22872601 10 10766755 2111734 512
22675997 10 10766755 2111750 512
22348326 10 10766755 2111750 512
21824051 10 10766755 2111765 512
21299777 10 10766755 2111765 512
20906574 10 10766755 2111781 512
20447835 10 10766755 2111781 512
19989095 10 10766755 2111796 512
19595891 10 10766755 2111796 512
19202686 10 10766755 2111812 512
19202686 10 10766755 2111875 514
24773171 10 10766755 2112000 513
25887281 10 10766755 2112000 512
26608170 10 10766755 2112000 512
27263527 10 10766755 2112015 512
27984422 10 10766755 2112031 512
28639786 10 10766755 2112046 512
29033009 10 10766755 2112062 512
29229628 10 10766755 2112078 512
29033030 10 10766755 2112093 512
28574289 10 10766755 2112109 512
27984475 10 10766755 2112125 512
27263587 10 10766755 2112140 512
26477158 10 10766755 2112156 512
25690725 10 10766755 2112171 512
25100896 10 10766755 2112187 512
24773207 10 10766755 2112218 512
24773195 10 10766755 2112234 512
25035326 10 10766755 2112250 512
25559600 10 10766755 2112265 512
26149412 10 10766755 2112281 512
26149412 10 10766755 2112328 514
25821788 10 10766755 2112484 513
25559655 10 10766755 2112484 512
24183433 10 10766755 2112484 512
23659157 10 10766755 2112500 512
23200418 10 10766755 2112500 512
22741679 10 10766755 2112515 512
22282941 10 10766755 2112515 512
21693131 10 10766755 2112531 512
21168855 10 10766755 2112531 512
20644579 10 10766755 2112546 512
20644579 10 10766755 2112609 514
26870383 10 10766755 2112796 513
25428637 10 10766755 2112796 512
24904361 10 10766755 2112796 512
24445620 10 10766755 2112812 512
23855807 10 10766755 2112812 512
23331528 10 10766755 2112828 512
22676180 10 10766755 2112843 512
21889758 10 10766755 2112859 512
21889758 10 10766755 2112890 514
17040105 10 10766755 2113062 513
19858149 10 10766755 2113062 512
20775652 10 10766755 2113062 512
21627620 10 10766755 2113078 512
22414051 10 10766755 2113078 512
23331554 10 10766755 2113093 512
24380130 10 10766755 2113109 512
25559778 10 10766755 2113125 512
26673888 10 10766755 2113140 512
27656923 10 10766755 2113171 512
27656923 10 10766755 2113187 514
30343805 10 10766755 2113375 513
31326842 10 10766755 2113375 512
32506491 10 10766755 2113375 512
33161855 10 10766755 2113390 512
33620614 10 10766755 2113406 512
33948303 10 10766755 2113421 512
33948315 10 10766755 2113437 512
33948329 10 10766755 2113453 512
33686199 10 10766755 2113468 512
33358532 10 10766755 2113468 512
32899791 10 10766755 2113484 512
32441051 10 10766755 2113500 512
31916773 10 10766755 2113515 512
31916773 10 10766755 2113546 514
18547492 10 62207 2114984 513
17171268 10 62207 2114984 512
16646995 10 62207 2114984 512
16253795 10 1498737 2115000 512
15926129 10 1498737 2115015 512
15926142 10 1498737 2115046 512
16319366 10 6471182 2115062 512
16974728 10 6471182 2115078 512
17761160 10 6471182 2115093 512
18613125 10 6471182 2115093 512
19399552 10 6471182 2115109 512
20185979 10 6471182 2115109 512
20972406 10 16759319 2115125 512
21758832 10 16759319 2115125 512
22479723 10 16759319 2115140 512
23266149 10 16759319 2115140 512
24118111 10 16759319 2115156 512
25166682 10 14253376 2115187 512
26215251 10 14253376 2115203 512
27132748 10 14253376 2115218 512
27132748 10 10766755 2115250 514
23528295 10 2588671 2115468 513
24183663 10 2588671 2115468 512
25559929 10 2588671 2115468 512
26411906 10 2588671 2115484 512
27198344 10 62207 2115500 512
27984781 10 62207 2115531 512
27984781 10 1498737 2115609 514
23397253 10 14253376 2115781 513
23004047 10 14253376 2115781 512
21824430 10 14253376 2115796 512
21300153 10 14253376 2115796 512
20775877 10 10766755 2115812 512
20448209 10 10766755 2115828 512
20055004 10 10766755 2115859 512
19661798 10 13217535 2115875 512
19071984 10 13217535 2115890 512
18351094 10 13217535 2115906 512
17564668 10 13217535 2115921 512
16712705 10 3550702 2115937 512
16516101 10 2588671 2116046 512
16843783 10 62207 2116062 512
17433607 10 62207 2116078 512
18154503 10 62207 2116078 512
19006471 10 62207 2116093 512
19858439 10 62207 2116093 512
20644870 10 62207 2116109 512
21431301 10 62207 2116109 512
22283269 10 1498737 2116125 512
23069700 10 1498737 2116140 512
23856131 10 1498737 2116140 512
24642563 10 1498737 2116156 512
25363459 10 1498737 2116156 512
26280963 10 1498737 2116171 512
27264001 10 6471182 2116187 512
28247038 10 6471182 2116218 512
29164539 10 6471182 2116234 512
29950967 10 16759319 2116265 512
29950967 10 16759319 2116296 514
32572311 10 13217535 2116453 513
33686412 10 13217535 2116453 512
35062666 10 13217535 2116468 512
35980172 10 13217535 2116468 512
36832145 10 13217535 2116484 512
37684121 10 3550702 2116515 512
38405027 10 3550702 2116531 512
38929329 10 3550702 2116562 512
39060416 10 2588671 2116578 512
38929358 10 2588671 2116593 512
38667227 10 2588671 2116609 512
38142952 10 2588671 2116625 512
37422068 10 2588671 2116640 512
36701181 10 2588671 2116656 512
35849221 10 2588671 2116671 512
34997257 10 2588671 2116687 512
34079753 10 2588671 2116703 512
33227781 10 62207 2116718 512
32375805 10 62207 2116734 512
31654897 10 62207 2116750 512
31130594 10 1498737 2116765 512
30671826 10 1498737 2116781 512
30671810 10 1498737 2116796 512
30802865 10 1498737 2116812 512
31130529 10 6471182 2116828 512
31654803 10 6471182 2116843 512
32310152 10 6471182 2116859 512
33031038 10 16759319 2116890 512
33882999 10 16759319 2116906 512
34866034 10 16759319 2116921 512
35783536 10 16759319 2116937 512
35783536 10 14253376 2116968 514
