70 140 660 1280
17236198 10 0 4123468 513
17236198 10 0 4123468 514
22610142 10 0 4123765 513
22216966 10 0 4123765 512
21889300 10 0 4123765 512
21496097 10 0 4123796 512
21561642 10 0 4123843 512
21823790 10 0 4123859 512
22413613 10 0 4123890 512
23265576 10 0 4123906 512
24052002 10 0 4123906 512
24969499 10 0 4123921 512
25886996 10 0 4123937 512
26673418 10 0 4123968 512
26870019 10 0 4124000 512
26870019 10 0 4124031 514
24183073 10 0 4124218 513
24641840 10 0 4124218 512
25035077 10 0 4124218 512
25035077 10 0 4124296 514
30146777 10 0 4124515 513
29622529 10 0 4124515 512
29360397 10 0 4124531 512
29032730 10 0 4124531 512
28705062 10 0 4124546 512
28377399 10 0 4124562 512
28049737 10 0 4124578 512
27787609 10 0 4124609 512
27787609 10 0 4124687 514
28049735 10 0 4124843 513
28770630 10 0 4124843 512
30277956 10 0 4124843 512
31129923 10 0 4124859 512
31981887 10 0 4124906 512
31981887 10 0 4124937 514
33292554 10 0 4125125 513
32637228 10 0 4125140 512
32375096 10 0 4125156 512
32047427 10 0 4125171 512
32112973 10 0 4125265 512
32506196 10 0 4125281 512
33161560 10 0 4125296 512
34079067 10 0 4125312 512
35062108 10 0 4125328 512
35914076 10 0 4125343 512
35914076 10 0 4125390 514
23789963 10 0 4125921 513
24510871 10 0 4125921 512
24969643 10 0 4125921 512
25035183 10 0 4125953 512
25100715 10 0 4125968 512
25362849 10 0 4125984 512
25821590 10 0 4126000 512
26280337 10 0 4126078 512
26673556 10 0 4126093 512
26673565 10 0 4126109 512
26411433 10 0 4126125 512
26083766 10 0 4126140 512
26083766 10 0 4126234 514
27066804 10 0 4126390 513
27918756 10 0 4126390 512
29491616 10 0 4126406 512
30409122 10 0 4126437 512
31130024 10 0 4126453 512
31326642 10 0 4126468 512
31064510 10 0 4126484 512
30409161 10 0 4126500 512
29557201 10 0 4126515 512
28705237 10 0 4126531 512
27853267 10 0 4126546 512
27263436 10 0 4126562 512
27066819 10 0 4126593 512
27066807 10 0 4126609 512
27525550 10 0 4126625 512
27984302 10 0 4126640 512
27984305 10 0 4126656 512
27984305 10 0 4126687 514
21168610 10 0 4127046 513
24707557 10 0 4127046 512
25625064 10 0 4127046 512
26477036 10 0 4127062 512
27329008 10 0 4127062 512
28115442 10 0 4127078 512
28901876 10 0 4127078 512
29819382 10 0 4127109 512
30802424 10 0 4127125 512
31654394 10 0 4127140 512
31654394 10 0 4127187 514
26673650 10 0 4127437 513
26411536 10 0 4127437 512
26411536 10 0 4127468 514
19792436 10 0 4127968 513
19726937 10 0 4127984 512
19726937 10 0 4128015 514
21692976 10 0 4128156 513
21758524 10 0 4128171 512
21365333 10 0 4128187 512
21103202 10 0 4128203 512
21103206 10 0 4128250 512
21299812 10 0 4128265 512
21693021 10 0 4128281 512
22282837 10 0 4128296 512
23069260 10 0 4128312 512
23855689 10 0 4128343 512
24445515 10 0 4128359 512
24773201 10 0 4128375 512
24707675 10 0 4128390 512
24314468 10 0 4128421 512
23790185 10 0 4128437 512
23200361 10 0 4128437 512
22872674 10 0 4128453 512
22872674 10 0 4128515 514
18154104 10 0 4128750 513
21234301 10 0 4128750 512
22151806 10 0 4128750 512
23069311 10 0 4128765 512
23396992 10 0 4128843 512
23200384 10 0 4128859 512
22741632 10 0 4128875 512
22413957 10 0 4128937 512
22282893 10 0 4128953 512
22151834 10 0 4128968 512
22413987 10 0 4129031 512
22413987 10 0 4129078 514
26149475 10 0 4129265 513
27001448 10 0 4129265 512
28508777 10 0 4129265 512
29360746 10 0 4129281 512
30212716 10 0 4129312 512
30540397 10 0 4129328 512
30409326 10 0 4129343 512
30409326 10 0 4129375 514
25100949 10 0 4129703 513
27656866 10 0 4129703 512
28574370 10 0 4129718 512
29557406 10 0 4129734 512
30147224 10 0 4129781 512
30278288 10 0 4129796 512
30081673 10 0 4129812 512
29557382 10 0 4129843 512
28902021 10 0 4129875 512
28181129 10 0 4129890 512
27656850 10 0 4129906 512
27656857 10 0 4129953 512
28050078 10 0 4129968 512
28050078 10 0 4130000 514
22282967 10 0 4130437 513
24249044 10 0 4130437 512
24969944 10 0 4130437 512
25625311 10 0 4130468 512
25821929 10 0 4130484 512
25625333 10 0 4130500 512
25035520 10 0 4130515 512
24052490 10 0 4130531 512
22938387 10 0 4130546 512
21955353 10 0 4130562 512
21037854 10 0 4130593 512
20251427 10 0 4130640 512
19989284 10 0 4130750 512
20251427 10 0 4130781 512
21103394 10 0 4130796 512
22217506 10 0 4130812 512
23528226 10 0 4130828 512
25821991 10 0 4130843 512
26739499 10 0 4130859 512
27591471 10 0 4130875 512
27591471 10 0 4130906 514
20382543 10 0 4131406 513
20054899 10 0 4131406 512
19792759 10 0 4131421 512
19792759 10 0 4131453 514
20054880 10 0 4131593 513
21824342 10 0 4131593 512
22545238 10 0 4131609 512
23200602 10 0 4131640 512
23593825 10 0 4131656 512
23724906 10 0 4131671 512
23593844 10 0 4131687 512
23266176 10 0 4131718 512
22545289 10 0 4131734 512
22545289 10 0 4131781 514
15336361 10 0 4132171 513
17957788 10 0 4132171 512
19006362 10 0 4132171 512
19989400 10 0 4132203 512
21037976 10 0 4132218 512
22152087 10 0 4132234 512
23331735 10 0 4132250 512
24445847 10 0 4132281 512
25559958 10 0 4132296 512
26477462 10 0 4132359 512
26870677 10 0 4132437 512
27001748 10 0 4132453 512
27001748 10 0 4132468 514
21169043 10 0 4132750 513
21038005 10 0 4132750 512
20906944 10 0 4132890 512
20906944 10 0 4132921 514
37487175 10 0 4134593 513
37487191 10 0 4134593 512
37159531 10 0 4134593 512
37225078 10 0 4134640 512
37487230 10 0 4134671 512
38011525 10 0 4134703 512
38666888 10 0 4134718 512
38666888 10 0 4134796 514
39715403 10 0 4135093 513
39715403 10 0 4135093 514
39191141 10 0 4135265 513
40108648 10 0 4135265 512
41353832 10 0 4135265 512
42009189 10 0 4135296 512
42009189 10 0 4135328 514
43516473 10 0 4135625 513
42861155 10 0 4135625 512
42599026 10 0 4135625 512
42402432 10 0 4135640 512
42271373 10 0 4135671 512
42205847 10 0 4135812 512
42009241 10 0 4135828 512
41681559 10 0 4135828 512
41681559 10 0 4135859 514
40436299 10 0 4136281 513
40436299 10 0 4136281 514
34669215 10 0 4136859 513
34669215 10 0 4136875 514
36569751 10 0 4137046 513
36569764 10 0 4137062 512
36504247 10 0 4137078 512
36504250 10 0 4137140 512
36700857 10 0 4137171 512
37159606 10 0 4137187 512
37814964 10 0 4137234 512
38404790 10 0 4137265 512
38666940 10 0 4137296 512
38535873 10 0 4137328 512
38208193 10 0 4137359 512
37683903 10 0 4137437 512
37683903 10 0 4137484 514
34210516 10 0 4137718 513
36242141 10 0 4137718 512
36831972 10 0 4137734 512
37356264 10 0 4137828 512
38011624 10 0 4137843 512
38666980 10 0 4137859 512
39322331 10 0 4137875 512
39977681 10 0 4137890 512
40370895 10 0 4137984 512
40436434 10 0 4138000 512
40305369 10 0 4138031 512
40370914 10 0 4138062 512
40698600 10 0 4138078 512
41222888 10 0 4138093 512
41222888 10 0 4138171 514
34079510 10 0 4138953 513
36307743 10 0 4138953 512
36635425 10 0 4139015 512
36635425 10 0 4139062 514
32637765 10 0 4139250 513
34472779 10 0 4139250 512
35324748 10 0 4139250 512
36111179 10 0 4139265 512
36766535 10 0 4139296 512
37225279 10 0 4139328 512
37225271 10 0 4139359 512
36832052 10 0 4139390 512
36176692 10 0 4139406 512
35455801 10 0 4139421 512
35128129 10 0 4139484 512
35128129 10 0 4139578 514
39322386 10 0 4139843 513
38667064 10 0 4139859 512
38404936 10 0 4139875 512
38208342 10 0 4139890 512
38011739 10 0 4139953 512
37880664 10 0 4139984 512
37880657 10 0 4140031 512
37946187 10 0 4140125 512
38339400 10 0 4140171 512
38929225 10 0 4140187 512
39715659 10 0 4140187 512
40633165 10 0 4140203 512
41616206 10 0 4140203 512
42664782 10 0 4140218 512
43582285 10 0 4140218 512
43582285 10 0 4140250 514
32703355 10 0 4141093 513
33162122 10 0 4141093 512
34866058 10 0 4141093 512
35455883 10 0 4141109 512
35586959 10 0 4141187 512
35390353 10 0 4141203 512
35455893 10 0 4141250 512
35652507 10 0 4141265 512
36111261 10 0 4141375 512
36832155 10 0 4141390 512
37225374 10 0 4141484 512
37225380 10 0 4141500 512
37487528 10 0 4141562 512
37815209 10 0 4141578 512
38339494 10 0 4141593 512
38994848 10 0 4141609 512
39584663 10 0 4141625 512
39977877 10 0 4141640 512
40240026 10 0 4141656 512
40240036 10 0 4141671 512
39977900 10 0 4141718 512
39453614 10 0 4141734 512
39060395 10 0 4141750 512
39060395 10 0 4141812 514
33686482 10 0 4142593 513
34735064 10 0 4142609 512
34210806 10 0 4142625 512
33489915 10 0 4142640 512
32637951 10 0 4142656 512
31785986 10 0 4142687 512
31458306 10 0 4142750 512
31589378 10 0 4142765 512
32048129 10 0 4142781 512
32703491 10 0 4142812 512
33358854 10 0 4142843 512
33752077 10 0 4142890 512
34145297 10 0 4143000 512
34604048 10 0 4143031 512
35193867 10 0 4143046 512
35980293 10 0 4143062 512
36832255 10 0 4143078 512
37749757 10 0 4143109 512
38470656 10 0 4143125 512
38863879 10 0 4143140 512
38929425 10 0 4143156 512
38667290 10 0 4143171 512
38143005 10 0 4143187 512
37618713 10 0 4143203 512
37356558 10 0 4143218 512
37356546 10 0 4143234 512
37684215 10 0 4143234 512
38274029 10 0 4143250 512
38274029 10 0 4143281 514
31720395 10 0 4144203 513
33620941 10 0 4144203 512
34407368 10 0 4144218 512
34407368 10 0 4144250 514
32637881 10 0 4145500 513
31654856 10 0 4145515 512
31589320 10 0 4145562 512
31654852 10 0 4145593 512
31982525 10 0 4145609 512
32179127 10 0 4145750 512
32244661 10 0 4145796 512
32244661 10 0 4145828 514
30212986 10 0 4148312 513
30212986 10 0 4148328 514
