70 140 660 1280
24379672 10 0 8400484 513
24183101 10 0 8400484 512
24052043 10 0 8400484 512
23986521 10 0 8400500 512
24052070 10 0 8400515 512
24314225 10 0 8400546 512
24772985 10 0 8400562 512
25362813 10 0 8400578 512
26149247 10 0 8400593 512
27001214 10 0 8400609 512
27918712 10 0 8400625 512
28770675 10 0 8400640 512
29622638 10 0 8400671 512
29622638 10 0 8400718 514
23134692 10 0 8400953 513
25231841 10 0 8400953 512
26149341 10 0 8400968 512
26149341 10 0 8401000 514
30081454 10 0 8401140 513
31195552 10 0 8401140 512
32113047 10 0 8401140 512
32965008 10 0 8401156 512
33816970 10 0 8401156 512
34537859 10 0 8401171 512
35324284 10 0 8401187 512
35586424 10 0 8401250 512
35389818 10 0 8401265 512
35062147 10 0 8401281 512
34537870 10 0 8401296 512
34013595 10 0 8401296 512
33554856 10 0 8401312 512
33227189 10 0 8401328 512
33096132 10 0 8401343 512
33030610 10 0 8401359 512
33292761 10 0 8401406 512
33751510 10 0 8401421 512
34341328 10 0 8401421 512
34931142 10 0 8401437 512
35455419 10 0 8401437 512
35979696 10 0 8401453 512
36241838 10 0 8401515 512
36110772 10 0 8401531 512
35717566 10 0 8401531 512
35193291 10 0 8401546 512
35193291 10 0 8401578 514
22807101 10 0 8401828 513
22020683 10 0 8401828 512
21693036 10 0 8401843 512
21561978 10 0 8401843 512
21430921 10 0 8401859 512
21365400 10 0 8401859 512
21299878 10 0 8401875 512
21430965 10 0 8401890 512
21693123 10 0 8401906 512
22282953 10 0 8401921 512
23069385 10 0 8401953 512
23921346 10 0 8401968 512
24773305 10 0 8401968 512
25494193 10 0 8401984 512
26215080 10 0 8402000 512
26608285 10 0 8402015 512
26608285 10 0 8402046 514
28836401 10 0 8402218 513
27984488 10 0 8402218 512
27722361 10 0 8402218 512
27460232 10 0 8402234 512
27263639 10 0 8402234 512
27132582 10 0 8402250 512
26935989 10 0 8402250 512
26804931 10 0 8402265 512
26673872 10 0 8402265 512
26608349 10 0 8402296 512
26477281 10 0 8402343 512
26411739 10 0 8402359 512
26411730 10 0 8402375 512
26477254 10 0 8402375 512
26673849 10 0 8402390 512
26870446 10 0 8402406 512
27001504 10 0 8402437 512
27394709 10 0 8402453 512
27918989 10 0 8402468 512
28770950 10 0 8402484 512
29622914 10 0 8402500 512
30671487 10 0 8402515 512
31785597 10 0 8402531 512
32703101 10 0 8402562 512
33030783 10 0 8402578 512
32834180 10 0 8402609 512
32178827 10 0 8402625 512
30933654 10 0 8402640 512
29557411 10 0 8402656 512
28377777 10 0 8402671 512
27329212 10 0 8402687 512
26936002 10 0 8402718 512
27263683 10 0 8402734 512
28115650 10 0 8402750 512
29164224 10 0 8402765 512
30409406 10 0 8402781 512
31523518 10 0 8402796 512
32441023 10 0 8402828 512
32899781 10 0 8402843 512
32899781 10 0 8402890 514
22283070 10 0 8403078 513
21103471 10 0 8403078 512
21037950 10 0 8403078 512
21037964 10 0 8403093 512
21037979 10 0 8403109 512
20775844 10 0 8403140 512
20251557 10 0 8403171 512
19923869 10 0 8403187 512
19727250 10 0 8403187 512
19792773 10 0 8403203 512
19923832 10 0 8403203 512
20317035 10 0 8403218 512
20841309 10 0 8403234 512
21496657 10 0 8403250 512
22217544 10 0 8403265 512
23003968 10 0 8403265 512
23855929 10 0 8403281 512
24707892 10 0 8403281 512
25625392 10 0 8403296 512
26477357 10 0 8403296 512
27263787 10 0 8403312 512
28246826 10 0 8403328 512
29229871 10 0 8403343 512
29950775 10 0 8403359 512
30475073 10 0 8403359 512
30802765 10 0 8403375 512
30999385 10 0 8403375 512
31064934 10 0 8403390 512
30999410 10 0 8403390 512
30933887 10 0 8403406 512
30802827 10 0 8403406 512
30540696 10 0 8403437 512
30147491 10 0 8403437 512
29623210 10 0 8403468 512
29623210 10 0 8403515 514
27525939 10 0 8403671 513
25953126 10 0 8403687 512
25625462 10 0 8403687 512
25297797 10 0 8403687 512
24970132 10 0 8403703 512
24642466 10 0 8403718 512
24183726 10 0 8403718 512
23724985 10 0 8403734 512
23724985 10 0 8403765 514
19399661 10 0 8403968 513
23069670 10 0 8403968 512
23921636 10 0 8403968 512
24773602 10 0 8403984 512
25101284 10 0 8404078 512
25101289 10 0 8404093 512
24708084 10 0 8404109 512
24249344 10 0 8404125 512
23790603 10 0 8404125 512
23266329 10 0 8404140 512
22676519 10 0 8404171 512
22021172 10 0 8404187 512
21169216 10 0 8404203 512
20251722 10 0 8404218 512
19334225 10 0 8404234 512
18416726 10 0 8404234 512
18023508 10 0 8404312 512
18023504 10 0 8404328 512
18416715 10 0 8404328 512
19137606 10 0 8404343 512
20055105 10 0 8404343 512
21169212 10 0 8404359 512
22348855 10 0 8404375 512
23594033 10 0 8404375 512
24773675 10 0 8404390 512
26018853 10 0 8404390 512
27264032 10 0 8404406 512
28443676 10 0 8404406 512
29623321 10 0 8404421 512
30737429 10 0 8404421 512
31654929 10 0 8404437 512
31654929 10 0 8404468 514
