70 140 660 1280
14549183 12 10766755 16858000 513
14418151 12 10766755 16858015 512
14287095 12 10766755 16858031 512
14287109 12 10766755 16858062 512
14680333 12 10766755 16858093 512
15204624 12 10766755 16858109 512
15925518 12 10766755 16858125 512
16777481 12 10766755 16858140 512
17629442 12 10766755 16858156 512
18481405 12 10766755 16858171 512
19267831 12 10766755 16858203 512
19267831 12 10766755 16858265 514
13107531 12 10766755 16858703 513
15073606 12 10766755 16858703 512
15860035 12 10766755 16858703 512
16646465 12 10766755 16858718 512
17432894 12 10766755 16858750 512
18284861 12 10766755 16858765 512
19136828 12 10766755 16858796 512
19136828 12 10766755 16858875 514
22216984 12 10766755 16859281 513
24445213 12 10766755 16859281 512
24772894 12 10766755 16859343 512
24772894 12 10766755 16859390 514
21627162 12 10766755 16859765 513
20971816 12 10766755 16859765 512
20578619 12 10766755 16859765 512
20775233 12 10766755 16859828 512
21299523 12 10766755 16859843 512
21954883 12 10766755 16859875 512
22675777 12 10766755 16859906 512
23462208 12 10766755 16859937 512
23462208 12 10766755 16860031 514
24903975 12 10766755 16860515 513
24903975 12 10766755 16860531 514
24314163 12 10766755 16861796 513
24314163 12 10766755 16861796 514
14549386 12 10766755 16862703 513
13697458 12 10766755 16862703 512
13304257 12 10766755 16862718 512
13042126 12 10766755 16862734 512
13173207 12 10766755 16862765 512
13631965 12 10766755 16862796 512
14352860 12 10766755 16862828 512
15270360 12 10766755 16862843 512
16318930 12 10766755 16862859 512
17236426 12 10766755 16862875 512
18284995 12 10766755 16862890 512
19202492 12 10766755 16862906 512
20054454 12 10766755 16862937 512
20906417 12 10766755 16862968 512
20906417 12 10766755 16863046 514
18416072 12 10766755 16863328 513
17498600 12 10766755 16863328 512
17236468 12 10766755 16863359 512
16908799 12 10766755 16863406 512
16908799 12 10766755 16863484 514
13697564 12 10766755 16863765 513
15860252 12 10766755 16863781 512
17564187 12 10766755 16863796 512
18481689 12 10766755 16863812 512
19399191 12 10766755 16863828 512
20316694 12 10766755 16863843 512
20316694 12 10766755 16863937 514
22348236 12 10766755 16864265 513
24969677 12 10766755 16864265 512
25559505 12 10766755 16864281 512
25952730 12 10766755 16864312 512
25887207 12 10766755 16864328 512
25625078 12 10766755 16864343 512
25297413 12 10766755 16864359 512
24904210 12 10766755 16864390 512
24904210 12 10766755 16864453 514
12452561 12 10766755 16865296 513
12911283 12 10766755 16865296 512
13304490 12 10766755 16865312 512
13697696 12 10766755 16865328 512
14221976 12 10766755 16865375 512
14811795 12 10766755 16865421 512
15401615 12 10766755 16865453 512
16122509 12 10766755 16865500 512
16843404 12 10766755 16865546 512
17564300 12 10766755 16865578 512
18285198 12 10766755 16865609 512
18940562 12 10766755 16865656 512
19595928 12 10766755 16865687 512
20054689 12 10766755 16865718 512
20316844 12 10766755 16865765 512
20513465 12 10766755 16865796 512
20775621 12 10766755 16865828 512
20972242 12 10766755 16865859 512
21103325 12 10766755 16865890 512
21037800 12 10766755 16865906 512
20841202 12 10766755 16865953 512
20579068 12 10766755 16865984 512
20185862 12 10766755 16866015 512
19727119 12 10766755 16866046 512
19202838 12 10766755 16866093 512
18547484 12 10766755 16866125 512
17826592 12 10766755 16866171 512
17105697 12 10766755 16866218 512
16384800 12 10766755 16866281 512
15663904 12 10766755 16866343 512
14943003 12 10766755 16866390 512
14484244 12 10766755 16866406 512
13959949 12 10766755 16866484 512
13566724 12 10766755 16866531 512
13304569 12 10766755 16866546 512
13042415 12 10766755 16866609 512
12845795 12 10766755 16866625 512
12911319 12 10766755 16866687 512
12911319 12 10766755 16866718 514
25559661 12 10766755 16867578 513
25297551 12 10766755 16867578 512
25100955 12 10766755 16867593 512
24838823 12 10766755 16867609 512
24576693 12 10766755 16867625 512
24445635 12 10766755 16867640 512
24314579 12 10766755 16867656 512
24183523 12 10766755 16867671 512
24052469 12 10766755 16867687 512
23986949 12 10766755 16867718 512
23855893 12 10766755 16867734 512
23790372 12 10766755 16867750 512
23724849 12 10766755 16867812 512
23724849 12 10766755 16867875 514
24052446 12 10766755 16868546 513
26084065 12 10766755 16868546 512
26936033 12 10766755 16868562 512
27788000 12 10766755 16868578 512
28639966 12 10766755 16868609 512
29491933 12 10766755 16868656 512
30278364 12 10766755 16868703 512
30999261 12 10766755 16868812 512
30999261 12 10766755 16868828 514
