70 140 660 1280
18743507 10 16759319 8489781 513
18284789 10 16759319 8489796 512
18088195 10 16759319 8489812 512
17891600 10 16759319 8489828 512
17695005 10 16759319 8489843 512
17498409 10 16759319 8489859 512
17563953 10 16759319 8489890 512
17891637 10 16759319 8489906 512
18415923 10 16759319 8489921 512
19202348 10 16759319 8489937 512
20054309 10 16759319 8489953 512
20775197 10 16759319 8489968 512
21496086 10 16759319 8489984 512
22872330 10 16759319 8490000 512
23789828 10 16759319 8490000 512
24641791 10 16759319 8490000 512
25428218 10 16759319 8490000 512
26411254 10 16759319 8490015 512
27263219 10 16759319 8490046 512
27263219 10 16759319 8490093 514
14352778 10 16759319 8490359 513
17760651 10 16759319 8490359 512
18743689 10 16759319 8490359 512
19661191 10 16759319 8490375 512
20578693 10 16759319 8490375 512
21561731 10 16759319 8490390 512
22610305 10 16759319 8490390 512
23658879 10 16759319 8490406 512
24707453 10 16759319 8490421 512
25756030 10 16759319 8490421 512
26673534 10 16759319 8490437 512
27525503 10 16759319 8490437 512
28443006 10 16759319 8490453 512
29229434 10 16759319 8490484 512
29229434 10 16759319 8490515 514
30212396 10 16759319 8490781 513
32506148 10 16759319 8490781 512
32506148 10 16759319 8490843 514
30212395 10 16759319 8491031 513
30409016 10 16759319 8491031 512
30540107 10 16759319 8491031 512
30540119 10 16759319 8491046 512
30474595 10 16759319 8491078 512
30671211 10 16759319 8491140 512
31195505 10 16759319 8491171 512
31916402 10 16759319 8491187 512
32702833 10 16759319 8491203 512
33554799 10 16759319 8491234 512
33554799 10 16759319 8491281 514
35062056 10 16759319 8491546 513
35062091 10 16759319 8491546 512
34996568 10 16759319 8491562 512
34799973 10 16759319 8491578 512
34799973 10 16759319 8491640 514
17760776 10 16759319 8492203 513
17236529 10 16759319 8492203 512
17039938 10 16759319 8492218 512
16908882 10 16759319 8492250 512
16777825 10 16759319 8492265 512
16777825 10 16759319 8492328 514
17760799 10 16759319 8492546 513
20316697 10 16759319 8492546 512
21103127 10 16759319 8492562 512
21824022 10 16759319 8492578 512
22544919 10 16759319 8492593 512
23134749 10 16759319 8492625 512
23593511 10 16759319 8492640 512
23790133 10 16759319 8492656 512
23855687 10 16759319 8492671 512
23855705 10 16759319 8492687 512
23659116 10 16759319 8492703 512
23462524 10 16759319 8492718 512
23462524 10 16759319 8492828 514
23986791 10 16759319 8492937 513
24445536 10 16759319 8492937 512
26083931 10 16759319 8492937 512
26804823 10 16759319 8492953 512
26804823 10 16759319 8493000 514
29229587 10 16759319 8493234 513
29164089 10 16759319 8493234 512
28967496 10 16759319 8493234 512
28836441 10 16759319 8493250 512
28705387 10 16759319 8493265 512
28770941 10 16759319 8493281 512
28836493 10 16759319 8493296 512
28639896 10 16759319 8493359 512
28639896 10 16759319 8493375 514
31457881 10 16759319 8493656 513
33030717 10 16759319 8493656 512
33882683 10 16759319 8493656 512
34865724 10 16759319 8493671 512
35652162 10 16759319 8493703 512
36176459 10 16759319 8493718 512
36504152 10 16759319 8493734 512
36438631 10 16759319 8493750 512
36176500 10 16759319 8493750 512
35783296 10 16759319 8493765 512
35324555 10 16759319 8493781 512
34800276 10 16759319 8493796 512
34013850 10 16759319 8493812 512
33292953 10 16759319 8493843 512
32637586 10 16759319 8493859 512
32178822 10 16759319 8493890 512
31916663 10 16759319 8493906 512
31851112 10 16759319 8493937 512
31851112 10 16759319 8493984 514
21431016 10 16759319 8494468 513
21234420 10 16759319 8494468 512
20775689 10 16759319 8494468 512
20513561 10 16759319 8494484 512
20251435 10 16759319 8494500 512
20054844 10 16759319 8494515 512
19989325 10 16759319 8494531 512
19858268 10 16759319 8494562 512
20054888 10 16759319 8494609 512
20382572 10 16759319 8494625 512
20972394 10 16759319 8494656 512
21693285 10 16759319 8494671 512
22676317 10 16759319 8494687 512
23528277 10 16759319 8494687 512
24445774 10 16759319 8494703 512
25232199 10 16759319 8494703 512
26018625 10 16759319 8494718 512
26739516 10 16759319 8494734 512
27460407 10 16759319 8494734 512
28312372 10 16759319 8494750 512
29098801 10 16759319 8494765 512
29098801 10 16759319 8494843 514
25494344 10 16759319 8495015 513
25363284 10 16759319 8495015 512
25101162 10 16759319 8495015 512
25035641 10 16759319 8495031 512
24970120 10 16759319 8495046 512
24839062 10 16759319 8495062 512
24380322 10 16759319 8495078 512
23790508 10 16759319 8495093 512
23790508 10 16759319 8495125 514
18154417 10 16759319 8495343 513
20317101 10 16759319 8495359 512
22479784 10 16759319 8495375 512
24642467 10 16759319 8495390 512
26739614 10 16759319 8495406 512
28574616 10 16759319 8495421 512
29492117 10 16759319 8495437 512
30147471 10 16759319 8495484 512
30147471 10 16759319 8495515 514
30540641 10 16759319 8495765 513
33031002 10 16759319 8495781 512
33817432 10 16759319 8495796 512
34472794 10 16759319 8495812 512
34997088 10 16759319 8495828 512
35324779 10 16759319 8495843 512
35455863 10 16759319 8495859 512
35390340 10 16759319 8495859 512
35193744 10 16759319 8495875 512
34997149 10 16759319 8495875 512
34800554 10 16759319 8495890 512
34735032 10 16759319 8495890 512
34735046 10 16759319 8495906 512
34669523 10 16759319 8495921 512
34669538 10 16759319 8495937 512
34669553 10 16759319 8495953 512
34472957 10 16759319 8495984 512
34472957 10 16759319 8496015 514
