70 140 660 1280
20840770 28 0 16673625 513
20709726 28 0 16673625 512
20644202 28 0 16673625 512
20644215 28 0 16673640 512
20709764 28 0 16673656 512
20775312 28 0 16673687 512
21168539 28 0 16673718 512
21692833 28 0 16673734 512
22479268 28 0 16673750 512
23462307 28 0 16673765 512
24576418 28 0 16673781 512
25690529 28 0 16673796 512
26673567 28 0 16673812 512
26673567 28 0 16673875 514
20185578 28 0 16674203 513
22544873 28 0 16674203 512
23331306 28 0 16674218 512
24183273 28 0 16674234 512
24904168 28 0 16674250 512
25625061 28 0 16674265 512
26411490 28 0 16674281 512
27132384 28 0 16674312 512
27132384 28 0 16674343 514
29884866 28 0 16674968 513
30867904 28 0 16674968 512
29753824 28 0 16674984 512
29622764 28 0 16674984 512
29557239 28 0 16675031 512
29688322 28 0 16675062 512
30081547 28 0 16675093 512
30671377 28 0 16675125 512
31392276 28 0 16675203 512
31916561 28 0 16675234 512
32375306 28 0 16675265 512
32702977 28 0 16675296 512
32965111 28 0 16675328 512
33227244 28 0 16675343 512
33489377 28 0 16675390 512
33620436 28 0 16675453 512
33751497 28 0 16675484 512
33817024 28 0 16675609 512
33423804 28 0 16675656 512
32899515 28 0 16675671 512
32899515 28 0 16675765 514
21234305 28 0 16676437 513
23724676 28 0 16676437 512
24576646 28 0 16676453 512
25363080 28 0 16676468 512
25625225 28 0 16676546 512
25363080 28 0 16676578 512
25363080 28 0 16676609 514
22217350 28 0 16676843 513
20775590 28 0 16676843 512
20578994 28 0 16676859 512
20447934 28 0 16676875 512
20382410 28 0 16676906 512
20513494 28 0 16676937 512
20841184 28 0 16676968 512
21365478 28 0 16676984 512
22020841 28 0 16677015 512
22807275 28 0 16677046 512
23528169 28 0 16677078 512
24183524 28 0 16677109 512
24838878 28 0 16677140 512
25428694 28 0 16677156 512
25821899 28 0 16677203 512
26084030 28 0 16677218 512
26084020 28 0 16677359 512
26084020 28 0 16677390 514
19333918 28 0 16677750 513
21693216 28 0 16677750 512
22545182 28 0 16677765 512
23397149 28 0 16677781 512
24183581 28 0 16677796 512
24970013 28 0 16677828 512
24970013 28 0 16677890 514
27329264 28 0 16678234 513
29557490 28 0 16678250 512
30081785 28 0 16678265 512
30343938 28 0 16678281 512
30409486 28 0 16678296 512
30343964 28 0 16678328 512
30081833 28 0 16678343 512
30081833 28 0 16678390 514
20775845 28 0 16678750 513
21431195 28 0 16678750 512
23135125 28 0 16678765 512
23659417 28 0 16678781 512
23921569 28 0 16678796 512
23921579 28 0 16678812 512
23593907 28 0 16678812 512
23069626 28 0 16678843 512
22414270 28 0 16678921 512
21627838 28 0 16678937 512
21300153 28 0 16678953 512
21169073 28 0 16678984 512
21300135 28 0 16679015 512
21300135 28 0 16679109 514
26018677 28 0 16679421 513
27001715 28 0 16679421 512
26608536 28 0 16679421 512
26346405 28 0 16679453 512
26215347 28 0 16679468 512
26215347 28 0 16679546 514
26084269 28 0 16679812 513
28378024 28 0 16679812 512
29164454 28 0 16679875 512
29164454 28 0 16679953 514
30409598 28 0 16680203 513
30278557 28 0 16680203 512
30081962 28 0 16680218 512
29950903 28 0 16680250 512
29950915 28 0 16680296 512
30278604 28 0 16680312 512
30802899 28 0 16680343 512
31523799 28 0 16680375 512
32310234 28 0 16680390 512
33162201 28 0 16680421 512
33162201 28 0 16680531 514
