70 140 660 1280
23396683 10 0 8428031 513
23069034 10 0 8428031 512
22937972 10 0 8428078 512
22937980 10 0 8428171 512
23003524 10 0 8428328 512
23069069 10 0 8428437 512
23134612 10 0 8428484 512
23396759 10 0 8428609 512
23921047 10 0 8428625 512
24576403 10 0 8428656 512
25362828 10 0 8428687 512
26280327 10 0 8428703 512
27197823 10 0 8428734 512
27918711 10 0 8428750 512
28705136 10 0 8428781 512
28705136 10 0 8428890 514
22282734 10 0 8429312 513
24248815 10 0 8429312 512
25035247 10 0 8429312 512
25756144 10 0 8429343 512
26542578 10 0 8429359 512
27329011 10 0 8429390 512
27329011 10 0 8429484 514
30540189 10 0 8429984 513
30540189 10 0 8429984 514
30540189 10 0 8430109 513
30867879 10 0 8430109 512
30867876 10 0 8430296 512
30409158 10 0 8430296 512
30212563 10 0 8430312 512
30278110 10 0 8430375 512
30605796 10 0 8430406 512
31195621 10 0 8430421 512
31916515 10 0 8430453 512
32637407 10 0 8430484 512
32637407 10 0 8430609 514
30867877 10 0 8431125 513
31719842 10 0 8431125 512
33161629 10 0 8431125 512
33882527 10 0 8431171 512
34144676 10 0 8431234 512
34144684 10 0 8431265 512
33882549 10 0 8431281 512
33685952 10 0 8431312 512
33423818 10 0 8431343 512
33423818 10 0 8431484 514
28050024 10 0 8432234 513
29950575 10 0 8432234 512
30409335 10 0 8432250 512
30474881 10 0 8432281 512
30081673 10 0 8432296 512
29688466 10 0 8432343 512
28967577 10 0 8432375 512
28181145 10 0 8432390 512
27591316 10 0 8432421 512
27067022 10 0 8432437 512
26673796 10 0 8432468 512
26542712 10 0 8432484 512
26673775 10 0 8432515 512
27066979 10 0 8432531 512
27591257 10 0 8432546 512
28312148 10 0 8432562 512
28967509 10 0 8432593 512
29622874 10 0 8432625 512
30081634 10 0 8432640 512
30081634 10 0 8432687 514
27067042 10 0 8433234 513
27394735 10 0 8433234 512
28836525 10 0 8433250 512
29295268 10 0 8433250 512
29688482 10 0 8433343 512
29819557 10 0 8433375 512
29950636 10 0 8433421 512
29950644 10 0 8433546 512
29950644 10 0 8433562 514
24511182 10 0 8434265 513
26739405 10 0 8434265 512
27591371 10 0 8434296 512
28508875 10 0 8434312 512
29426379 10 0 8434343 512
30278347 10 0 8434359 512
31064779 10 0 8434390 512
31785674 10 0 8434437 512
31785674 10 0 8434484 514
32768664 10 0 8434906 513
35127945 10 0 8434921 512
35783309 10 0 8434921 512
36242067 10 0 8434937 512
36635292 10 0 8434953 512
36897447 10 0 8435000 512
36897457 10 0 8435031 512
36569786 10 0 8435062 512
36045504 10 0 8435093 512
35324612 10 0 8435109 512
34407108 10 0 8435140 512
33686207 10 0 8435187 512
33161911 10 0 8435203 512
32899756 10 0 8435234 512
33161891 10 0 8435265 512
33686171 10 0 8435281 512
34210458 10 0 8435328 512
34210458 10 0 8435375 514
23069583 10 0 8435984 513
25363330 10 0 8435984 512
26149754 10 0 8435984 512
26936179 10 0 8436015 512
27591532 10 0 8436031 512
28246884 10 0 8436046 512
28967772 10 0 8436078 512
29295451 10 0 8436140 512
29295451 10 0 8436187 514
25035662 10 0 8436515 513
27394977 10 0 8436515 512
28115881 10 0 8436531 512
28771249 10 0 8436562 512
29426611 10 0 8436625 512
29426611 10 0 8436656 514
31458100 10 0 8437046 513
31720274 10 0 8437046 512
31720286 10 0 8437046 512
31720298 10 0 8437062 512
31720310 10 0 8437078 512
31851393 10 0 8437093 512
32048013 10 0 8437109 512
32179097 10 0 8437140 512
32244645 10 0 8437187 512
32375722 10 0 8437281 512
32375722 10 0 8437312 514
33817445 10 0 8437703 513
36176729 10 0 8437718 512
36766558 10 0 8437734 512
37225318 10 0 8437750 512
37684081 10 0 8437781 512
37880701 10 0 8437812 512
37815175 10 0 8437828 512
37421967 10 0 8437828 512
36832150 10 0 8437890 512
36045722 10 0 8437906 512
35324826 10 0 8437953 512
34538392 10 0 8437968 512
33817490 10 0 8438000 512
33358730 10 0 8438031 512
33293184 10 0 8438062 512
33424246 10 0 8438078 512
33882990 10 0 8438109 512
34472810 10 0 8438140 512
34472810 10 0 8438187 514
