70 140 660 1280
24314127 10 0 4317859 513
24903946 10 0 4317859 512
23920952 10 0 4317859 512
23396679 10 0 4317875 512
22806870 10 0 4317875 512
22217061 10 0 4317890 512
21758324 10 0 4317890 512
21299586 10 0 4317906 512
20906383 10 0 4317921 512
20578715 10 0 4317937 512
20578724 10 0 4317953 512
20971942 10 0 4317968 512
21561764 10 0 4317968 512
22348188 10 0 4317984 512
23200145 10 0 4317984 512
24183172 10 0 4318000 512
25166198 10 0 4318015 512
26214759 10 0 4318015 512
27328856 10 0 4318031 512
28508489 10 0 4318031 512
29688121 10 0 4318046 512
30802218 10 0 4318046 512
31850779 10 0 4318062 512
32768269 10 0 4318062 512
33554688 10 0 4318078 512
34275571 10 0 4318093 512
34406633 10 0 4318125 512
34078948 10 0 4318140 512
34078948 10 0 4318171 514
14877147 10 0 4318421 513
18678250 10 0 4318421 512
19661291 10 0 4318437 512
20578796 10 0 4318437 512
21561836 10 0 4318453 512
22479340 10 0 4318453 512
23462379 10 0 4318468 512
24510954 10 0 4318468 512
25559529 10 0 4318484 512
26542568 10 0 4318484 512
27525607 10 0 4318500 512
28508646 10 0 4318500 512
29491685 10 0 4318515 512
30343652 10 0 4318531 512
31326692 10 0 4318546 512
32244196 10 0 4318562 512
33227235 10 0 4318578 512
33948127 10 0 4318609 512
33948127 10 0 4318625 514
37421399 10 0 4318875 513
39125375 10 0 4318875 512
39584141 10 0 4318890 512
39911833 10 0 4318921 512
40042909 10 0 4318937 512
40042909 10 0 4318968 514
37749097 10 0 4319078 513
36766072 10 0 4319093 512
34931112 10 0 4319109 512
34734517 10 0 4319125 512
34537922 10 0 4319140 512
34603470 10 0 4319156 512
34931158 10 0 4319171 512
35520985 10 0 4319187 512
36372949 10 0 4319203 512
38011333 10 0 4319218 512
39453105 10 0 4319234 512
39911855 10 0 4319281 512
40174005 10 0 4319296 512
40239555 10 0 4319312 512
40239555 10 0 4319343 514
19465019 10 0 4319734 513
19989291 10 0 4319734 512
20972310 10 0 4319750 512
21693198 10 0 4319750 512
22414095 10 0 4319765 512
22872854 10 0 4319781 512
23069472 10 0 4319796 512
22938413 10 0 4319796 512
22610746 10 0 4319812 512
22152007 10 0 4319812 512
21693267 10 0 4319828 512
21168990 10 0 4319828 512
20579176 10 0 4319843 512
19923817 10 0 4319875 512
19465060 10 0 4319890 512
19268441 10 0 4319890 512
19268426 10 0 4319906 512
19465015 10 0 4319906 512
19923747 10 0 4319921 512
20448014 10 0 4319921 512
21037818 10 0 4319937 512
21693158 10 0 4319937 512
22348500 10 0 4319953 512
23069379 10 0 4319968 512
23724724 10 0 4319968 512
24380071 10 0 4319984 512
24969884 10 0 4320000 512
25690771 10 0 4320015 512
26346128 10 0 4320062 512
26870421 10 0 4320078 512
27198113 10 0 4320093 512
27394738 10 0 4320093 512
27329221 10 0 4320109 512
27198170 10 0 4320109 512
26870511 10 0 4320125 512
26542852 10 0 4320125 512
26149657 10 0 4320140 512
25690925 10 0 4320156 512
25232191 10 0 4320156 512
24838993 10 0 4320171 512
24380257 10 0 4320171 512
23987056 10 0 4320187 512
23659388 10 0 4320187 512
23397256 10 0 4320203 512
23200652 10 0 4320250 512
23266185 10 0 4320265 512
23462787 10 0 4320265 512
23790457 10 0 4320281 512
24183660 10 0 4320281 512
24707935 10 0 4320296 512
25297745 10 0 4320296 512
25887553 10 0 4320312 512
26608433 10 0 4320312 512
27263777 10 0 4320328 512
28050192 10 0 4320343 512
28836606 10 0 4320343 512
29688555 10 0 4320359 512
30540505 10 0 4320359 512
31457990 10 0 4320375 512
32375476 10 0 4320375 512
33292963 10 0 4320390 512
34210450 10 0 4320390 512
35127937 10 0 4320406 512
36045424 10 0 4320406 512
36962912 10 0 4320421 512
37814866 10 0 4320437 512
38535749 10 0 4320437 512
39191099 10 0 4320453 512
39191099 10 0 4320515 514
31654616 10 0 4320609 513
31458021 10 0 4320609 512
30802691 10 0 4320609 512
30540557 10 0 4320625 512
30212894 10 0 4320625 512
29819694 10 0 4320640 512
29426496 10 0 4320640 512
29033296 10 0 4320656 512
28640097 10 0 4320671 512
28246896 10 0 4320671 512
27788160 10 0 4320687 512
27394957 10 0 4320687 512
27132826 10 0 4320703 512
26739621 10 0 4320718 512
26739621 10 0 4320750 514
15467461 10 0 4320953 513
18285495 10 0 4320953 512
19202996 10 0 4320968 512
20251569 10 0 4320968 512
21169070 10 0 4320984 512
22217643 10 0 4320984 512
23200680 10 0 4321000 512
24249254 10 0 4321000 512
25428902 10 0 4321015 512
26543013 10 0 4321015 512
27722660 10 0 4321031 512
28771234 10 0 4321046 512
29885344 10 0 4321062 512
31064990 10 0 4321078 512
32048028 10 0 4321093 512
33031066 10 0 4321125 512
33424278 10 0 4321140 512
33424278 10 0 4321171 514
33948483 10 0 4321390 513
34865994 10 0 4321390 512
35980116 10 0 4321390 512
36635483 10 0 4321406 512
37225317 10 0 4321421 512
37684079 10 0 4321437 512
38011769 10 0 4321453 512
38208388 10 0 4321468 512
38208388 10 0 4321515 514
22676505 10 0 4321765 513
24314868 10 0 4321765 512
25035758 10 0 4321781 512
25953257 10 0 4321796 512
26805224 10 0 4321812 512
27395058 10 0 4321843 512
27591678 10 0 4321843 512
27526157 10 0 4321859 512
27132956 10 0 4321859 512
26543147 10 0 4321875 512
25887799 10 0 4321875 512
25232450 10 0 4321890 512
24511563 10 0 4321890 512
23856209 10 0 4321906 512
23004244 10 0 4321937 512
22217809 10 0 4321953 512
21627979 10 0 4321968 512
20841523 10 0 4321984 512
20710423 10 0 4322000 512
20841480 10 0 4322015 512
21103619 10 0 4322046 512
21234693 10 0 4322062 512
21169163 10 0 4322078 512
20448289 10 0 4322093 512
19268668 10 0 4322109 512
18547785 10 0 4322125 512
18547785 10 0 4322140 514
13304966 10 0 4322296 513
16516222 10 0 4322312 512
19530877 10 0 4322328 512
21496957 10 0 4322343 512
22479998 10 0 4322359 512
24511614 10 0 4322375 512
26346620 10 0 4322390 512
28116092 10 0 4322406 512
29099132 10 0 4322421 512
30016636 10 0 4322437 512
30016636 10 0 4322531 514
32834543 10 0 4322718 513
32572415 10 0 4322718 512
32113695 10 0 4322718 512
31982635 10 0 4322734 512
31917111 10 0 4322734 512
31917124 10 0 4322750 512
32113742 10 0 4322781 512
32506961 10 0 4322796 512
33162315 10 0 4322812 512
33752128 10 0 4322828 512
34341938 10 0 4322828 512
34866211 10 0 4322843 512
35390484 10 0 4322843 512
35783687 10 0 4322859 512
36242427 10 0 4322875 512
36439033 10 0 4322921 512
36439036 10 0 4322921 512
36242437 10 0 4322937 512
35914770 10 0 4322937 512
35521568 10 0 4322953 512
35193901 10 0 4322953 512
34800700 10 0 4322968 512
34538570 10 0 4323000 512
34538575 10 0 4323031 512
34735181 10 0 4323046 512
35062854 10 0 4323046 512
35587131 10 0 4323062 512
36111405 10 0 4323062 512
36766752 10 0 4323078 512
37487636 10 0 4323093 512
38208522 10 0 4323093 512
38929410 10 0 4323109 512
39715839 10 0 4323125 512
40502269 10 0 4323140 512
41223170 10 0 4323156 512
41813002 10 0 4323171 512
42271763 10 0 4323187 512
42599457 10 0 4323203 512
42796079 10 0 4323203 512
42927164 10 0 4323218 512
43058251 10 0 4323234 512
43058268 10 0 4323250 512
42861677 10 0 4323265 512
42599549 10 0 4323281 512
42337422 10 0 4323296 512
41878683 10 0 4323312 512
41354407 10 0 4323328 512
40895668 10 0 4323359 512
40895668 10 0 4323390 514
