70 140 660 1280
26345921 10 0 16451375 513
26345921 10 0 16451375 514
26214875 10 0 16453203 513
26214875 10 0 16453203 514
29163928 10 2588671 16455453 513
27591096 10 2588671 16455453 512
27001285 10 2588671 16455468 512
26739152 10 62207 16455500 512
26935767 10 62207 16455515 512
27460059 10 62207 16455531 512
28312028 10 1498737 16455546 512
29295066 10 1498737 16455578 512
30343638 10 1498737 16455593 512
31261136 10 6471182 16455609 512
32244172 10 6471182 16455625 512
32571850 10 16759319 16455687 512
32506315 10 16759319 16455703 512
32506315 10 14253376 16455734 514
26477079 10 3550702 16455937 513
28967439 10 3550702 16455937 512
29884939 10 3550702 16455953 512
30671368 10 2588671 16455984 512
30671368 10 62207 16456046 514
33096165 10 16759319 16456250 513
34079205 10 16759319 16456250 512
35455460 10 16759319 16456265 512
35652066 10 14253376 16456328 512
35455458 10 10766755 16456375 512
34931173 10 10766755 16456390 512
34275820 10 10766755 16456406 512
33620470 10 13217535 16456421 512
33096194 10 13217535 16456453 512
32768527 10 13217535 16456468 512
32637467 10 3550702 16456484 512
32768549 10 3550702 16456515 512
33227306 10 2588671 16456562 512
33751592 10 2588671 16456593 512
34341410 10 62207 16456609 512
34865689 10 62207 16456625 512
35324430 10 62207 16456640 512
35783171 10 62207 16456656 512
36176376 10 1498737 16456687 512
36307444 10 6471182 16456765 512
36307444 10 16759319 16456812 514
30016094 10 13217535 16457031 513
32703038 10 13217535 16457031 512
33620538 10 13217535 16457031 512
34341435 10 3550702 16457062 512
34669121 10 3550702 16457078 512
34472521 10 3550702 16457093 512
33948242 10 2588671 16457109 512
33227354 10 2588671 16457125 512
32375389 10 2588671 16457140 512
31654491 10 62207 16457171 512
31064661 10 62207 16457187 512
30671445 10 1498737 16457250 512
30409306 10 1498737 16457265 512
30147173 10 1498737 16457281 512
29885043 10 6471182 16457296 512
29491844 10 6471182 16457328 512
29164179 10 6471182 16457343 512
29033113 10 16759319 16457390 512
29033113 10 14253376 16457437 514
31785575 10 13217535 16457562 513
31851121 10 13217535 16457562 512
30933653 10 13217535 16457562 512
30540450 10 13217535 16457593 512
30278319 10 3550702 16457609 512
29688505 10 3550702 16457640 512
29688505 10 2588671 16457703 514
28836543 10 1498737 16457843 513
29754044 10 1498737 16457859 512
31982267 10 1498737 16457875 512
32441022 10 16759319 16457953 512
32244417 10 16759319 16457968 512
32244417 10 14253376 16458015 514
26280674 10 13217535 16458171 513
29885156 10 13217535 16458187 512
31785699 10 13217535 16458203 512
33358561 10 13217535 16458218 512
34276065 10 13217535 16458234 512
35128032 10 13217535 16458250 512
35979999 10 13217535 16458265 512
36307679 10 2588671 16458328 512
36176608 10 2588671 16458343 512
36176608 10 62207 16458375 514
27525895 10 14253376 16458625 513
27001645 10 14253376 16458625 512
26870589 10 14253376 16458640 512
27132745 10 10766755 16458671 512
27591506 10 10766755 16458687 512
28443476 10 10766755 16458718 512
29295442 10 10766755 16458718 512
30081869 10 13217535 16458734 512
30802759 10 13217535 16458734 512
31523649 10 13217535 16458750 512
32179003 10 13217535 16458750 512
32834357 10 13217535 16458765 512
33620782 10 13217535 16458781 512
34472742 10 3550702 16458796 512
34800422 10 2588671 16458875 512
34669352 10 2588671 16458890 512
34145069 10 2588671 16458906 512
33293109 10 62207 16458921 512
32375612 10 62207 16458937 512
31785797 10 1498737 16459015 512
31785805 10 1498737 16459031 512
32179028 10 6471182 16459046 512
32834394 10 6471182 16459062 512
33686370 10 6471182 16459078 512
34538345 10 6471182 16459093 512
35390320 10 16759319 16459109 512
36045687 10 16759319 16459140 512
36176764 10 14253376 16459203 512
36176764 10 10766755 16459234 514
25101199 10 2588671 16459468 513
28574620 10 2588671 16459468 512
29426590 10 2588671 16459468 512
30213023 10 62207 16459484 512
31064992 10 62207 16459500 512
31851425 10 62207 16459500 512
32637858 10 62207 16459515 512
33424290 10 62207 16459515 512
34276259 10 62207 16459531 512
35193763 10 1498737 16459546 512
36045731 10 1498737 16459562 512
36373414 10 6471182 16459625 512
36373414 10 16759319 16459671 514
25560065 10 2588671 16460015 513
26280970 10 2588671 16460015 512
27722782 10 2588671 16460031 512
28312604 10 2588671 16460031 512
28902422 10 62207 16460062 512
29295637 10 1498737 16460140 512
29230108 10 1498737 16460156 512
29230108 10 6471182 16460187 514
23921885 10 10766755 16460390 513
24708314 10 10766755 16460390 512
26150060 10 10766755 16460406 512
26543265 10 13217535 16460421 512
26870933 10 13217535 16460437 512
27395216 10 3550702 16460484 512
27919505 10 3550702 16460500 512
28378264 10 3550702 16460531 512
28837027 10 2588671 16460562 512
29230256 10 2588671 16460578 512
29557949 10 2588671 16460593 512
29754570 10 2588671 16460609 512
29754570 10 1498737 16460734 514
34276380 10 10766755 16460984 513
32769098 10 10766755 16461000 512
32179300 10 10766755 16461015 512
32048241 10 10766755 16461031 512
31982729 10 10766755 16461046 512
32244887 10 10766755 16461062 512
32638116 10 10766755 16461078 512
33293487 10 10766755 16461093 512
34407607 10 10766755 16461109 512
35849401 10 10766755 16461125 512
38208694 10 10766755 16461140 512
39322803 10 10766755 16461156 512
40961191 10 10766755 16461171 512
42206358 10 10766755 16461171 512
42599564 10 13217535 16461171 512
42927233 10 13217535 16461187 512
43123830 10 13217535 16461187 512
43254890 10 13217535 16461203 512
43189342 10 13217535 16461203 512
43123794 10 13217535 16461218 512
42927174 10 13217535 16461218 512
42665018 10 3550702 16461234 512
42402864 10 3550702 16461234 512
42075173 10 3550702 16461250 512
41681947 10 3550702 16461250 512
41157649 10 3550702 16461281 512
40436744 10 2588671 16461296 512
39584768 10 2588671 16461312 512
38536187 10 2588671 16461328 512
37618683 10 2588671 16461328 512
36701182 10 2588671 16461343 512
35914756 10 2588671 16461343 512
35259403 10 62207 16461359 512
34735123 10 62207 16461375 512
34210844 10 62207 16461375 512
33752102 10 62207 16461390 512
33358896 10 62207 16461390 512
32900158 10 62207 16461406 512
32506956 10 1498737 16461421 512
32179292 10 1498737 16461437 512
32113771 10 1498737 16461468 512
32113771 10 6471182 16461500 514
33686612 10 1498737 16461984 513
36111427 10 1498737 16461984 512
36963392 10 1498737 16462000 512
37880899 10 1498737 16462031 512
38536267 10 6471182 16462046 512
38929496 10 6471182 16462062 512
38995046 10 6471182 16462078 512
38929526 10 6471182 16462093 512
38667398 10 16759319 16462109 512
38274195 10 16759319 16462125 512
37880991 10 14253376 16462171 512
37225638 10 14253376 16462187 512
36504744 10 14253376 16462218 512
35914917 10 10766755 16462250 512
35325087 10 10766755 16462265 512
34735256 10 10766755 16462281 512
34145426 10 13217535 16462296 512
34145426 10 13217535 16462328 514
31196279 10 62207 16462484 513
33752171 10 62207 16462484 512
34735207 10 62207 16462500 512
35849316 10 62207 16462515 512
36897888 10 62207 16462531 512
37880926 10 1498737 16462546 512
38732892 10 1498737 16462578 512
38732892 10 6471182 16462625 514
