70 140 660 1280
19988738 12 3550702 16840656 513
19398955 12 3550702 16840671 512
19202379 12 3550702 16840687 512
19202393 12 3550702 16840703 512
19464550 12 3550702 16840734 512
19988843 12 3550702 16840750 512
20709736 12 3550702 16840765 512
21627231 12 3550702 16840781 512
22544725 12 3550702 16840796 512
23265610 12 3550702 16840812 512
23920960 12 3550702 16840828 512
25100590 12 3550702 16840828 512
25690405 12 3550702 16840828 512
26345757 12 3550702 16840843 512
27001109 12 3550702 16840859 512
27656461 12 3550702 16840875 512
28180747 12 3550702 16840906 512
28180747 12 3550702 16840937 514
18416075 12 3550702 16841203 513
21758395 12 3550702 16841203 512
22806966 12 3550702 16841218 512
23855538 12 3550702 16841234 512
24773037 12 3550702 16841234 512
25821609 12 3550702 16841250 512
26804646 12 3550702 16841265 512
27722147 12 3550702 16841281 512
28639647 12 3550702 16841312 512
29491611 12 3550702 16841343 512
29491611 12 3550702 16841390 514
32047450 12 3550702 16841593 513
34472272 12 3550702 16841593 512
35389773 12 3550702 16841593 512
36241740 12 3550702 16841625 512
36569421 12 3550702 16841671 512
36307279 12 3550702 16841687 512
35651921 12 3550702 16841703 512
34799958 12 3550702 16841718 512
33947996 12 3550702 16841734 512
33096036 12 3550702 16841765 512
32375150 12 3550702 16841781 512
31719800 12 3550702 16841796 512
31261059 12 3550702 16841812 512
31064463 12 3550702 16841828 512
31130009 12 3550702 16841843 512
31588769 12 3550702 16841859 512
32309670 12 3550702 16841875 512
33161638 12 3550702 16841890 512
34144674 12 3550702 16841906 512
34996635 12 3550702 16841921 512
35717523 12 3550702 16841937 512
36307338 12 3550702 16841937 512
36897151 12 3550702 16841953 512
37486963 12 3550702 16841968 512
38076773 12 3550702 16841984 512
38273375 12 3550702 16842078 512
38207840 12 3550702 16842093 512
37945705 12 3550702 16842109 512
37683573 12 3550702 16842125 512
37486978 12 3550702 16842125 512
37355918 12 3550702 16842140 512
37355932 12 3550702 16842156 512
37421481 12 3550702 16842171 512
37487031 12 3550702 16842187 512
37487031 12 3550702 16842234 514
18940453 12 1498737 16843687 513
21955086 12 1498737 16843703 512
23855620 12 1498737 16843718 512
25690621 12 1498737 16843734 512
27591158 12 1498737 16843734 512
28508658 12 6471182 16843734 512
29360622 12 6471182 16843750 512
30212586 12 6471182 16843750 512
31064551 12 16759319 16843765 512
31916517 12 16759319 16843781 512
31916517 12 14253376 16843843 514
25428486 12 3550702 16844046 513
27263520 12 3550702 16844046 512
28115497 12 3550702 16844062 512
28770866 12 2588671 16844078 512
28967478 12 2588671 16844109 512
28705335 12 62207 16844140 512
28049974 12 62207 16844156 512
27263540 12 62207 16844171 512
26411572 12 1498737 16844203 512
25690682 12 1498737 16844218 512
25166405 12 1498737 16844234 512
24773201 12 1498737 16844250 512
24445534 12 1498737 16844250 512
24183402 12 6471182 16844265 512
23986805 12 6471182 16844265 512
23724672 12 6471182 16844281 512
23528076 12 6471182 16844281 512
23331478 12 6471182 16844296 512
23003811 12 6471182 16844312 512
22676144 12 16759319 16844328 512
22807224 12 14253376 16844406 512
23200443 12 14253376 16844406 512
23724730 12 14253376 16844421 512
24380086 12 14253376 16844421 512
25100977 12 14253376 16844437 512
25821867 12 14253376 16844437 512
26608292 12 10766755 16844453 512
27460252 12 10766755 16844453 512
28312213 12 10766755 16844468 512
29098638 12 10766755 16844468 512
29819528 12 10766755 16844484 512
30737026 12 10766755 16844500 512
31588989 12 13217535 16844515 512
32440954 12 13217535 16844531 512
32440954 12 3550702 16844593 514
34538064 12 14253376 16844968 513
36569685 12 14253376 16844968 512
36831841 12 14253376 16844968 512
36897390 12 14253376 16844984 512
36831867 12 14253376 16844984 512
36700806 12 14253376 16845000 512
36504211 12 10766755 16845015 512
36242080 12 10766755 16845031 512
35979948 12 10766755 16845062 512
35979948 12 13217535 16845109 514
21234456 12 16759319 16845468 513
22283070 12 16759319 16845468 512
22741837 12 16759319 16845468 512
23135059 12 14253376 16845531 512
23397199 12 14253376 16845546 512
23528263 12 14253376 16845562 512
23659324 12 14253376 16845562 512
23790384 12 10766755 16845578 512
23986979 12 10766755 16845593 512
24249111 12 10766755 16845625 512
24511252 12 13217535 16845656 512
24707866 12 13217535 16845687 512
24773412 12 13217535 16845687 512
24838960 12 3550702 16845703 512
24773436 12 3550702 16845703 512
24707915 12 3550702 16845718 512
24642393 12 3550702 16845734 512
24445800 12 3550702 16845750 512
24445800 12 2588671 16845812 514
26608470 12 10766755 16846156 513
28705603 12 10766755 16846171 512
29360980 12 10766755 16846187 512
29295455 12 10766755 16846203 512
28902249 12 13217535 16846234 512
28443499 12 3550702 16846281 512
28181351 12 3550702 16846312 512
28312418 12 2588671 16846359 512
28640095 12 62207 16846437 512
29098846 12 1498737 16846468 512
29819741 12 1498737 16846500 512
30606172 12 6471182 16846531 512
31458138 12 6471182 16846546 512
32244568 12 6471182 16846578 512
33030996 12 16759319 16846609 512
33620814 12 16759319 16846625 512
34014022 12 14253376 16846656 512
34210617 12 14253376 16846687 512
34341674 12 10766755 16846703 512
34472731 12 10766755 16846718 512
34669325 12 10766755 16846734 512
34865928 12 3550702 16846828 512
34997004 12 3550702 16846843 512
35062549 12 3550702 16846843 512
35128096 12 3550702 16846859 512
35062572 12 3550702 16846859 512
35062584 12 3550702 16846875 512
34931525 12 3550702 16846875 512
34866001 12 2588671 16846890 512
34734941 12 2588671 16846906 512
34603881 12 2588671 16846906 512
34538357 12 2588671 16846921 512
34472834 12 2588671 16846937 512
34407313 12 62207 16846953 512
34276256 12 62207 16846968 512
34079661 12 62207 16847000 512
34079661 12 1498737 16847046 514
20120530 12 13217535 16847328 513
23856079 12 13217535 16847328 512
25101261 12 13217535 16847343 512
26215373 12 13217535 16847343 512
27329485 12 13217535 16847359 512
28312527 12 13217535 16847375 512
29361104 12 13217535 16847375 512
30278608 12 3550702 16847390 512
31261649 12 3550702 16847390 512
32506833 12 3550702 16847406 512
33752017 12 3550702 16847421 512
34997203 12 3550702 16847437 512
36111316 12 2588671 16847468 512
36570069 12 62207 16847515 512
36438997 12 62207 16847531 512
36438997 12 62207 16847562 514
29754325 12 14253376 16847796 513
28967928 12 14253376 16847796 512
28836868 12 14253376 16847812 512
28902417 12 10766755 16847828 512
28967965 12 13217535 16847890 512
28967965 12 13217535 16847937 514
