70 140 660 1280
20513094 28 13217535 16617875 513
19792232 28 13217535 16617875 512
19792244 28 13217535 16617875 512
19923329 28 13217535 16617906 512
20251022 28 13217535 16617921 512
20578713 28 13217535 16617937 512
21103009 28 13217535 16617968 512
21758375 28 13217535 16617984 512
22544811 28 13217535 16618000 512
23331243 28 13217535 16618015 512
24314281 28 13217535 16618031 512
25297319 28 13217535 16618062 512
26280355 28 13217535 16618078 512
27263390 28 13217535 16618093 512
28246425 28 13217535 16618109 512
28246425 28 13217535 16618203 514
16712208 28 13217535 16618484 513
17564179 28 13217535 16618484 512
19005970 28 13217535 16618500 512
19989009 28 13217535 16618500 512
21103119 28 13217535 16618515 512
22282765 28 13217535 16618546 512
23396876 28 13217535 16618562 512
24510987 28 13217535 16618578 512
25494027 28 13217535 16618593 512
26345992 28 13217535 16618625 512
26345992 28 13217535 16618671 514
30147019 28 13217535 16618875 513
31523274 28 13217535 16618875 512
31916489 28 13217535 16618875 512
32702920 28 13217535 16618890 512
33685959 28 13217535 16618906 512
34603461 28 13217535 16618921 512
35586500 28 13217535 16618937 512
36504004 28 13217535 16618968 512
36831684 28 13217535 16619000 512
36569539 28 13217535 16619015 512
36569539 28 13217535 16619046 514
30343619 28 13217535 16619234 513
30015956 28 13217535 16619234 512
29688297 28 13217535 16619234 512
29491702 28 13217535 16619250 512
29360645 28 13217535 16619265 512
29295121 28 13217535 16619281 512
29426205 28 13217535 16619312 512
29819430 28 13217535 16619328 512
30409260 28 13217535 16619343 512
31195695 28 13217535 16619359 512
32113200 28 13217535 16619375 512
33030705 28 13217535 16619406 512
33882674 28 13217535 16619421 512
34734642 28 13217535 16619437 512
35586609 28 13217535 16619468 512
36241966 28 13217535 16619515 512
36700711 28 13217535 16619546 512
36897309 28 13217535 16619578 512
36962835 28 13217535 16619609 512
36831751 28 13217535 16619640 512
36897275 28 13217535 16619671 512
36962805 28 13217535 16619828 512
36962805 28 13217535 16619828 514
17957462 28 13217535 16621375 513
17826419 28 13217535 16621375 512
17629825 28 13217535 16621375 512
17367695 28 13217535 16621390 512
17236637 28 13217535 16621406 512
17367720 28 13217535 16621421 512
17760941 28 13217535 16621437 512
18416302 28 13217535 16621468 512
19268267 28 13217535 16621468 512
20120230 28 13217535 16621484 512
21037729 28 13217535 16621484 512
21955227 28 13217535 16621500 512
22938262 28 13217535 16621500 512
23855761 28 13217535 16621515 512
24773262 28 13217535 16621515 512
25756299 28 13217535 16621546 512
26673797 28 13217535 16621562 512
27394692 28 13217535 16621593 512
27656838 28 13217535 16621609 512
27525768 28 13217535 16621625 512
27525768 28 13217535 16621656 514
23134873 28 13217535 16621859 513
23593633 28 13217535 16621859 512
25428664 28 13217535 16621859 512
25428664 28 13217535 16621921 514
22282921 28 13217535 16622093 513
22348468 28 13217535 16622093 512
22282950 28 13217535 16622109 512
22151888 28 13217535 16622109 512
21889754 28 13217535 16622125 512
21431011 28 13217535 16622156 512
21431011 28 13217535 16622171 514
16450288 28 13217535 16622328 513
19268343 28 13217535 16622328 512
20185847 28 13217535 16622343 512
20972279 28 13217535 16622343 512
22020854 28 13217535 16622359 512
22938357 28 13217535 16622375 512
23921397 28 13217535 16622390 512
24969972 28 13217535 16622406 512
25887472 28 13217535 16622421 512
25887472 28 13217535 16622468 514
30737068 28 13217535 16622640 513
32244388 28 13217535 16622640 512
33686182 28 13217535 16622656 512
34472617 28 13217535 16622656 512
35259053 28 13217535 16622671 512
35914418 28 13217535 16622671 512
36569785 28 13217535 16622687 512
37028547 28 13217535 16622703 512
37290704 28 13217535 16622718 512
37159647 28 13217535 16622734 512
36635372 28 13217535 16622750 512
35980023 28 13217535 16622765 512
35193598 28 13217535 16622781 512
34472706 28 13217535 16622781 512
33751812 28 13217535 16622796 512
32965379 28 13217535 16622796 512
32113408 28 13217535 16622812 512
31195898 28 13217535 16622828 512
30540528 28 13217535 16622859 512
30212835 28 13217535 16622890 512
30212822 28 13217535 16622906 512
30999231 28 13217535 16622921 512
31457973 28 13217535 16622937 512
31785651 28 13217535 16622984 512
31785651 28 13217535 16623015 514
18481979 28 13217535 16623296 513
18088778 28 13217535 16623312 512
18023261 28 13217535 16623328 512
18219879 28 13217535 16623343 512
18744172 28 13217535 16623359 512
19399532 28 13217535 16623375 512
20972388 28 13217535 16623390 512
22545241 28 13217535 16623406 512
23397204 28 13217535 16623421 512
24380242 28 13217535 16623437 512
25363283 28 13217535 16623453 512
26346325 28 13217535 16623468 512
27067229 28 13217535 16623484 512
27460455 28 13217535 16623500 512
27526005 28 13217535 16623500 512
27329409 28 13217535 16623515 512
27329409 28 13217535 16623562 514
21300096 28 13217535 16623765 513
21037969 28 13217535 16623765 512
20579239 28 13217535 16623765 512
20448180 28 13217535 16623781 512
20317121 28 13217535 16623796 512
20317121 28 13217535 16623859 514
22938500 28 13217535 16624000 513
22938512 28 13217535 16624000 512
22545320 28 13217535 16624015 512
22414262 28 13217535 16624015 512
22283204 28 13217535 16624046 512
22283204 28 13217535 16624109 514
18219976 28 13217535 16624281 513
20775877 28 13217535 16624281 512
22283204 28 13217535 16624281 512
23790533 28 13217535 16624296 512
25101254 28 13217535 16624312 512
26346439 28 13217535 16624328 512
27460551 28 13217535 16624343 512
28509125 28 13217535 16624359 512
28509125 28 13217535 16624406 514
33424229 28 13217535 16624625 513
33096563 28 13217535 16624625 512
32572299 28 13217535 16624625 512
32244633 28 13217535 16624640 512
32048040 28 13217535 16624656 512
32244658 28 13217535 16624687 512
32768952 28 13217535 16624703 512
33358775 28 13217535 16624718 512
34210739 28 13217535 16624734 512
35128236 28 13217535 16624750 512
36045733 28 13217535 16624781 512
37028770 28 13217535 16624796 512
37946276 28 13217535 16624812 512
38601641 28 13217535 16624828 512
39060405 28 13217535 16624859 512
39191491 28 13217535 16624875 512
39060435 28 13217535 16624890 512
38798306 28 13217535 16624906 512
38601711 28 13217535 16624937 512
38601711 28 13217535 16624968 514
