70 140 660 1280
22216894 12 0 16783109 513
22085863 12 0 16783109 512
21889270 12 0 16783125 512
21692677 12 0 16783140 512
21627155 12 0 16783156 512
21692704 12 0 16783203 512
22020393 12 0 16783250 512
22544685 12 0 16783296 512
23200047 12 0 16783312 512
23986478 12 0 16783343 512
24772909 12 0 16783359 512
25624873 12 0 16783375 512
26411298 12 0 16783390 512
27328797 12 0 16783421 512
28180763 12 0 16783437 512
29098266 12 0 16783468 512
29098266 12 0 16783515 514
21234057 12 0 16783906 513
22020490 12 0 16783906 512
23396745 12 0 16783921 512
24248711 12 0 16783921 512
25100678 12 0 16783937 512
25952646 12 0 16783968 512
26804613 12 0 16783984 512
27656579 12 0 16784000 512
28574080 12 0 16784015 512
29426046 12 0 16784031 512
30278013 12 0 16784046 512
31064444 12 0 16784078 512
31064444 12 0 16784109 514
35062066 12 0 16784453 513
35520850 12 0 16784453 512
35520864 12 0 16784453 512
35520877 12 0 16784468 512
35455355 12 0 16784500 512
35389832 12 0 16784531 512
35389832 12 0 16784578 514
35193154 12 0 16784875 513
35979576 12 0 16784875 512
37159217 12 0 16784890 512
37945647 12 0 16784906 512
38732079 12 0 16784937 512
39387443 12 0 16784953 512
39846204 12 0 16784968 512
40173894 12 0 16784984 512
40304980 12 0 16785000 512
40239460 12 0 16785031 512
39977331 12 0 16785046 512
39977331 12 0 16785093 514
34537868 12 0 16785406 513
36372871 12 0 16785421 512
37224838 12 0 16785437 512
38076806 12 0 16785453 512
38076806 12 0 16785500 514
22282815 12 0 16785937 513
23134772 12 0 16785937 512
24576542 12 0 16785953 512
25362963 12 0 16785953 512
26149385 12 0 16785968 512
26935808 12 0 16785984 512
27722231 12 0 16786000 512
28574191 12 0 16786031 512
28574191 12 0 16786140 514
26608151 12 0 16786406 513
27853367 12 0 16786406 512
28443202 12 0 16786421 512
28901965 12 0 16786437 512
28901965 12 0 16786484 514
25494103 12 0 16786750 513
25559675 12 0 16786750 512
25494151 12 0 16786765 512
25166482 12 0 16786796 512
25166482 12 0 16786828 514
23265939 12 0 16787015 513
25363090 12 0 16787015 512
26215056 12 0 16787015 512
27132559 12 0 16787031 512
28050064 12 0 16787046 512
28967569 12 0 16787062 512
29819537 12 0 16787078 512
29819537 12 0 16787125 514
36110956 12 0 16787296 513
37683804 12 0 16787296 512
38077008 12 0 16787296 512
38142541 12 0 16787312 512
38142538 12 0 16787312 512
38142536 12 0 16787328 512
38142532 12 0 16787328 512
38142529 12 0 16787343 512
38142526 12 0 16787343 512
38076987 12 0 16787359 512
37880377 12 0 16787359 512
37618232 12 0 16787375 512
37290551 12 0 16787375 512
37028408 12 0 16787390 512
36766265 12 0 16787406 512
36504124 12 0 16787406 512
36307520 12 0 16787421 512
36110917 12 0 16787421 512
35914315 12 0 16787437 512
35652179 12 0 16787437 512
35521114 12 0 16787453 512
35455587 12 0 16787453 512
35521131 12 0 16787468 512
35521138 12 0 16787484 512
35652216 12 0 16787484 512
35848831 12 0 16787500 512
36110980 12 0 16787500 512
36438664 12 0 16787515 512
36635274 12 0 16787515 512
36897421 12 0 16787531 512
37094030 12 0 16787531 512
37225103 12 0 16787546 512
37487246 12 0 16787546 512
37683851 12 0 16787562 512
37945991 12 0 16787578 512
38142594 12 0 16787578 512
38273659 12 0 16787593 512
38404725 12 0 16787593 512
38470255 12 0 16787609 512
38535785 12 0 16787609 512
38535779 12 0 16787625 512
38470239 12 0 16787625 512
38404699 12 0 16787640 512
38273624 12 0 16787656 512
38142550 12 0 16787656 512
37880404 12 0 16787671 512
37552723 12 0 16787671 512
37093972 12 0 16787687 512
36635221 12 0 16787687 512
36242007 12 0 16787703 512
35914330 12 0 16787703 512
35914330 12 0 16787734 514
25428815 12 0 16788187 513
23659341 12 0 16788203 512
22152028 12 0 16788218 512
22086492 12 0 16788234 512
21562217 12 0 16788250 512
21234551 12 0 16788265 512
21103493 12 0 16788281 512
21300114 12 0 16788296 512
21693338 12 0 16788312 512
22283162 12 0 16788343 512
22872979 12 0 16788359 512
23331719 12 0 16788375 512
23790456 12 0 16788390 512
24118120 12 0 16788406 512
24183641 12 0 16788437 512
24052561 12 0 16788500 512
24052561 12 0 16788546 514
29229831 12 0 16788781 513
30147384 12 0 16788781 512
30147398 12 0 16788796 512
30081877 12 0 16788812 512
29885285 12 0 16788828 512
29688691 12 0 16788843 512
29361024 12 0 16788875 512
29361024 12 0 16788921 514
27984755 12 0 16789093 513
28246888 12 0 16789093 512
30278486 12 0 16789093 512
31064914 12 0 16789109 512
31851342 12 0 16789125 512
32703306 12 0 16789140 512
32703306 12 0 16789203 514
32244480 12 0 16789421 513
32768758 12 0 16789421 512
34734823 12 0 16789437 512
35652324 12 0 16789437 512
36569826 12 0 16789453 512
37487330 12 0 16789468 512
38273765 12 0 16789500 512
38929134 12 0 16789515 512
39256827 12 0 16789531 512
39387914 12 0 16789546 512
39387914 12 0 16789578 514
