70 140 660 1280
24642081 10 0 10546671 513
24773183 10 0 10546671 512
24838731 10 0 10546687 512
24904280 10 0 10546703 512
24838757 10 0 10546734 512
25100910 10 0 10546796 512
25625201 10 0 10546843 512
26280561 10 0 10546859 512
27066991 10 0 10546890 512
27787882 10 0 10546921 512
27787882 10 0 10547000 514
24314521 10 0 10547265 513
25297564 10 0 10547281 512
27722400 10 0 10547296 512
28705439 10 0 10547312 512
28705439 10 0 10547375 514
31261287 10 0 10547609 513
31261287 10 0 10547609 514
31261287 10 0 10547656 513
31326810 10 0 10547671 512
31392347 10 0 10547828 512
30868087 10 0 10547843 512
30671491 10 0 10547859 512
30605967 10 0 10547890 512
30737051 10 0 10547906 512
31130276 10 0 10547937 512
31785642 10 0 10547953 512
32572077 10 0 10547968 512
33358509 10 0 10548000 512
34013864 10 0 10548062 512
34341536 10 0 10548078 512
34538134 10 0 10548109 512
34538123 10 0 10548140 512
34472575 10 0 10548187 512
34472575 10 0 10548218 514
31720026 10 0 10548796 513
31720026 10 0 10548796 514
25166634 10 0 10549328 513
27263755 10 0 10549328 512
27919108 10 0 10549343 512
28443388 10 0 10549390 512
28443388 10 0 10549421 514
27132672 10 0 10549609 513
27525901 10 0 10549609 512
27853606 10 0 10549625 512
27984692 10 0 10549656 512
27984706 10 0 10549671 512
27984706 10 0 10549734 514
30999259 10 0 10550000 513
30933758 10 0 10550015 512
30671629 10 0 10550031 512
30343966 10 0 10550046 512
29950766 10 0 10550062 512
29688637 10 0 10550078 512
29754182 10 0 10550156 512
30081865 10 0 10550187 512
30671688 10 0 10550218 512
31392581 10 0 10550234 512
32310082 10 0 10550265 512
33227582 10 0 10550281 512
34145084 10 0 10550312 512
34145084 10 0 10550375 514
22873063 10 0 10552218 513
22741981 10 0 10552218 512
23921606 10 0 10552234 512
24773572 10 0 10552234 512
25625545 10 0 10552281 512
26280916 10 0 10552296 512
26477537 10 0 10552343 512
26280944 10 0 10552359 512
25822205 10 0 10552375 512
25166854 10 0 10552406 512
24380427 10 0 10552437 512
23528460 10 0 10552453 512
22676488 10 0 10552484 512
22021119 10 0 10552515 512
21824500 10 0 10552531 512
21955561 10 0 10552546 512
21955561 10 0 10552593 514
26018762 10 0 10552828 513
27919307 10 0 10552843 512
28836812 10 0 10552843 512
28836812 10 0 10552921 514
26805225 10 0 10553125 513
26739706 10 0 10553140 512
28967931 10 0 10553156 512
29819895 10 0 10553171 512
30344176 10 0 10553187 512
30344176 10 0 10553218 514
31851421 10 0 10553421 513
32441239 10 0 10553421 512
32375741 10 0 10553437 512
32113609 10 0 10553437 512
31720408 10 0 10553453 512
31392744 10 0 10553468 512
31065079 10 0 10553500 512
30737413 10 0 10553515 512
30737413 10 0 10553593 514
32572391 10 0 10553796 513
33293280 10 0 10553796 512
34735062 10 0 10553796 512
35521494 10 0 10553812 512
36242393 10 0 10553828 512
36832224 10 0 10553843 512
37159913 10 0 10553875 512
37159924 10 0 10553890 512
37028864 10 0 10553906 512
36635658 10 0 10553921 512
36111379 10 0 10553937 512
35390488 10 0 10553953 512
34669594 10 0 10553984 512
33948696 10 0 10554015 512
33424403 10 0 10554031 512
33162250 10 0 10554046 512
33031167 10 0 10554062 512
33096692 10 0 10554078 512
33096692 10 0 10554140 514
