70 140 660 1280
22282444 28 13217535 16599578 513
21823728 28 13217535 16599578 512
21692669 28 13217535 16599578 512
21823752 28 13217535 16599609 512
22348046 28 13217535 16599625 512
23003408 28 13217535 16599625 512
23789839 28 13217535 16599656 512
24641805 28 13217535 16599671 512
25428234 28 13217535 16599671 512
26149126 28 13217535 16599687 512
26804487 28 13217535 16599734 512
26935563 28 13217535 16599765 512
26935563 28 13217535 16599796 514
20185431 28 13217535 16600031 513
23462223 28 13217535 16600046 512
26804555 28 13217535 16600062 512
27722057 28 13217535 16600078 512
28442948 28 13217535 16600109 512
28574013 28 13217535 16600125 512
28574013 28 13217535 16600156 514
28639508 28 13217535 16600281 513
30540048 28 13217535 16600296 512
31457549 28 13217535 16600296 512
32440587 28 13217535 16600296 512
32833801 28 13217535 16600359 512
32833803 28 13217535 16600390 512
32375059 28 13217535 16600406 512
31850780 28 13217535 16600406 512
31260967 28 13217535 16600421 512
30736691 28 13217535 16600421 512
30277949 28 13217535 16600437 512
29884744 28 13217535 16600437 512
29622610 28 13217535 16600468 512
29688154 28 13217535 16600484 512
30212444 28 13217535 16600500 512
30933338 28 13217535 16600515 512
31719764 28 13217535 16600515 512
32506187 28 13217535 16600531 512
33292609 28 13217535 16600531 512
33947958 28 13217535 16600546 512
34668842 28 13217535 16600562 512
35258655 28 13217535 16600562 512
35848468 28 13217535 16600578 512
36241681 28 13217535 16600625 512
36372756 28 13217535 16600640 512
36372763 28 13217535 16600656 512
36110630 28 13217535 16600656 512
35717426 28 13217535 16600671 512
35324223 28 13217535 16600671 512
34865484 28 13217535 16600687 512
34406743 28 13217535 16600687 512
34079074 28 13217535 16600703 512
33751404 28 13217535 16600703 512
33358200 28 13217535 16600718 512
32833923 28 13217535 16600750 512
32833923 28 13217535 16600765 514
21299709 28 13217535 16600984 513
23134683 28 13217535 16600984 512
24052180 28 13217535 16600984 512
24904146 28 13217535 16601000 512
25428440 28 13217535 16601031 512
25690592 28 13217535 16601031 512
25625067 28 13217535 16601046 512
25297399 28 13217535 16601046 512
24904194 28 13217535 16601062 512
24379916 28 13217535 16601078 512
23790100 28 13217535 16601109 512
23331347 28 13217535 16601140 512
23069196 28 13217535 16601140 512
23003651 28 13217535 16601156 512
23200247 28 13217535 16601156 512
23527915 28 13217535 16601171 512
23921119 28 13217535 16601187 512
24576468 28 13217535 16601203 512
25231823 28 13217535 16601234 512
25231823 28 13217535 16601265 514
29622707 28 13217535 16601437 513
29360607 28 13217535 16601437 512
29098476 28 13217535 16601453 512
28836345 28 13217535 16601453 512
28574214 28 13217535 16601468 512
28377618 28 13217535 16601468 512
28181025 28 13217535 16601484 512
27918895 28 13217535 16601500 512
27918901 28 13217535 16601546 512
28049972 28 13217535 16601562 512
28246570 28 13217535 16601578 512
28508700 28 13217535 16601593 512
28770829 28 13217535 16601625 512
29295106 28 13217535 16601671 512
29950459 28 13217535 16601687 512
30867960 28 13217535 16601703 512
31850998 28 13217535 16601718 512
32768501 28 13217535 16601718 512
33620468 28 13217535 16601734 512
34275831 28 13217535 16601781 512
34275836 28 13217535 16601796 512
33882626 28 13217535 16601812 512
33882626 28 13217535 16601828 514
33030666 28 13217535 16601859 513
31916564 28 13217535 16601859 512
30802463 28 13217535 16601859 512
30343718 28 13217535 16601906 512
30474792 28 13217535 16601921 512
30999080 28 13217535 16601921 512
31719973 28 13217535 16601937 512
32571938 28 13217535 16601953 512
33358366 28 13217535 16601953 512
34210330 28 13217535 16601968 512
35062292 28 13217535 16601984 512
35521037 28 13217535 16602015 512
35521027 28 13217535 16602031 512
35521027 28 13217535 16602062 514
35258872 28 13217535 16602078 513
34800106 28 13217535 16602078 512
34341341 28 13217535 16602078 512
34079183 28 13217535 16602109 512
34210246 28 13217535 16602125 512
34865602 28 13217535 16602140 512
35848642 28 13217535 16602156 512
36962758 28 13217535 16602171 512
38011340 28 13217535 16602187 512
38666708 28 13217535 16602203 512
38863329 28 13217535 16602218 512
38797806 28 13217535 16602234 512
38470139 28 13217535 16602234 512
38076935 28 13217535 16602250 512
37683730 28 13217535 16602250 512
37224988 28 13217535 16602265 512
36831782 28 13217535 16602281 512
36373040 28 13217535 16602281 512
35783227 28 13217535 16602296 512
35783227 28 13217535 16602343 514
23790274 28 13217535 16602562 513
26477209 28 13217535 16602578 512
28246659 28 13217535 16602593 512
28967546 28 13217535 16602609 512
29753970 28 13217535 16602625 512
30016112 28 13217535 16602656 512
29885042 28 13217535 16602671 512
28902013 28 13217535 16602687 512
28181124 28 13217535 16602687 512
27591308 28 13217535 16602718 512
27198103 28 13217535 16602734 512
27132576 28 13217535 16602750 512
27394732 28 13217535 16602765 512
27984567 28 13217535 16602796 512
28771008 28 13217535 16602812 512
29033156 28 13217535 16602875 512
29033156 28 13217535 16602906 514
28902085 28 13217535 16602984 513
28181198 28 13217535 16603000 512
27067120 28 13217535 16603015 512
26673919 28 13217535 16603031 512
26280717 28 13217535 16603046 512
25690904 28 13217535 16603062 512
24970012 28 13217535 16603093 512
24904478 28 13217535 16603171 512
25363230 28 13217535 16603187 512
26018589 28 13217535 16603187 512
26870556 28 13217535 16603203 512
27722522 28 13217535 16603203 512
28443414 28 13217535 16603218 512
29098770 28 13217535 16603218 512
29885195 28 13217535 16603234 512
30606083 28 13217535 16603250 512
31195897 28 13217535 16603265 512
31654639 28 13217535 16603281 512
31851234 28 13217535 16603312 512
31916755 28 13217535 16603328 512
31982275 28 13217535 16603343 512
32178868 28 13217535 16603359 512
32309935 28 13217535 16603406 512
32244401 28 13217535 16603421 512
32178873 28 13217535 16603421 512
32047814 28 13217535 16603437 512
31916756 28 13217535 16603437 512
31785699 28 13217535 16603453 512
31982321 28 13217535 16603484 512
32375548 28 13217535 16603500 512
32899841 28 13217535 16603500 512
33555202 28 13217535 16603515 512
34341631 28 13217535 16603515 512
35128058 28 13217535 16603531 512
35848948 28 13217535 16603531 512
36635371 28 13217535 16603546 512
36635371 28 13217535 16603578 514
