70 140 660 1280
17891530 10 0 8349687 513
18153698 10 0 8349687 512
18022651 10 0 8349703 512
18022665 10 0 8349703 512
17957143 10 0 8349718 512
17957157 10 0 8349718 512
17957170 10 0 8349734 512
17957182 10 0 8349734 512
18022730 10 0 8349750 512
18022744 10 0 8349765 512
18088293 10 0 8349781 512
18415983 10 0 8349843 512
18874739 10 0 8349859 512
19464560 10 0 8349875 512
20250984 10 0 8349890 512
20971870 10 0 8349906 512
21561684 10 0 8349906 512
22085962 10 0 8349921 512
22675774 10 0 8349937 512
23265588 10 0 8349953 512
23986472 10 0 8349968 512
24838428 10 0 8349984 512
25690385 10 0 8350000 512
26345733 10 0 8350015 512
26870017 10 0 8350046 512
26870017 10 0 8350093 514
15925724 10 0 8350484 513
19136978 10 0 8350500 512
19399121 10 0 8350515 512
19988942 10 0 8350531 512
20251085 10 0 8350546 512
20775371 10 0 8350562 512
21037513 10 0 8350578 512
21496264 10 0 8350593 512
21627335 10 0 8350609 512
22282694 10 0 8350625 512
22479301 10 0 8350640 512
23069123 10 0 8350656 512
23265730 10 0 8350671 512
23069123 10 0 8350687 512
23265730 10 0 8350703 512
24052160 10 0 8350718 512
24183232 10 0 8350734 512
24052160 10 0 8350750 512
24248766 10 0 8350765 512
25166270 10 0 8350781 512
25362876 10 0 8350781 512
26345916 10 0 8350796 512
26411452 10 0 8350812 512
26345916 10 0 8350828 512
26411451 10 0 8350843 512
27460026 10 0 8350859 512
27460025 10 0 8350875 512
27460026 10 0 8350875 512
27525562 10 0 8350875 512
28508596 10 0 8350875 512
28508595 10 0 8350875 512
28508596 10 0 8350875 512
28639668 10 0 8350875 512
28508596 10 0 8350875 512
28770740 10 0 8350875 512
28508596 10 0 8350875 512
28770740 10 0 8350875 512
28508596 10 0 8350875 512
28967348 10 0 8350875 512
28508596 10 0 8350875 512
28508596 10 0 8350875 514
32243997 10 0 8350937 513
33161495 10 0 8350937 512
32964888 10 0 8350937 512
34603284 10 0 8350937 512
34275610 10 0 8350937 512
35389713 10 0 8350953 512
34734365 10 0 8350953 512
35389713 10 0 8350953 512
34603293 10 0 8350953 512
36241681 10 0 8350968 512
35651866 10 0 8350968 512
36241681 10 0 8350968 512
35651864 10 0 8350968 512
36241681 10 0 8350984 512
35782933 10 0 8350984 512
37093647 10 0 8350984 512
36700437 10 0 8351000 512
36110618 10 0 8351000 512
37093647 10 0 8351000 512
36634902 10 0 8351015 512
37093647 10 0 8351015 512
36569364 10 0 8351015 512
37093647 10 0 8351015 512
36700435 10 0 8351031 512
37093647 10 0 8351031 512
36700436 10 0 8351031 512
37093647 10 0 8351031 512
36700435 10 0 8351046 512
37093647 10 0 8351046 512
36634899 10 0 8351046 512
37093647 10 0 8351046 512
36503829 10 0 8351062 512
37093647 10 0 8351062 512
36700434 10 0 8351062 512
37093647 10 0 8351062 512
36569362 10 0 8351078 512
37093647 10 0 8351078 512
37093647 10 0 8351078 514
32571667 10 0 8351296 513
31719729 10 0 8351296 512
31523135 10 0 8351312 512
31326541 10 0 8351328 512
31195482 10 0 8351343 512
31129959 10 0 8351375 512
31129972 10 0 8351390 512
31457661 10 0 8351421 512
32047491 10 0 8351437 512
32768390 10 0 8351468 512
33554824 10 0 8351484 512
34341254 10 0 8351500 512
35193220 10 0 8351515 512
35979649 10 0 8351531 512
36766079 10 0 8351562 512
37552508 10 0 8351609 512
37552508 10 0 8351656 514
38535443 10 0 8351953 513
38601029 10 0 8351953 512
38535507 10 0 8351953 512
38469984 10 0 8351968 512
38469998 10 0 8351984 512
38470013 10 0 8352000 512
38535563 10 0 8352015 512
38535563 10 0 8352109 514
17367727 10 0 8352640 513
17367699 10 0 8352640 512
17498760 10 0 8352640 512
17760893 10 0 8352656 512
18154099 10 0 8352671 512
18743914 10 0 8352687 512
19464805 10 0 8352718 512
20185698 10 0 8352734 512
20972130 10 0 8352750 512
21693030 10 0 8352765 512
22348399 10 0 8352781 512
22741628 10 0 8352796 512
23003787 10 0 8352812 512
23134877 10 0 8352828 512
23134895 10 0 8352843 512
22938304 10 0 8352859 512
22610639 10 0 8352890 512
22151900 10 0 8352906 512
21562086 10 0 8352921 512
20906734 10 0 8352937 512
20185841 10 0 8352953 512
19399408 10 0 8352968 512
18678507 10 0 8352984 512
18023139 10 0 8353000 512
17498840 10 0 8353015 512
17171147 10 0 8353031 512
17171133 10 0 8353046 512
17171118 10 0 8353078 512
17302176 10 0 8353093 512
17629842 10 0 8353125 512
18088583 10 0 8353140 512
18678397 10 0 8353156 512
19399285 10 0 8353187 512
19399285 10 0 8353218 514
25690658 10 0 8353562 513
25952851 10 0 8353578 512
26149496 10 0 8353593 512
26477200 10 0 8353609 512
26542749 10 0 8353625 512
26477236 10 0 8353640 512
26346178 10 0 8353656 512
26280658 10 0 8353671 512
26149601 10 0 8353687 512
26084080 10 0 8353703 512
26149621 10 0 8353765 512
26149621 10 0 8353781 514
27132547 10 0 8354078 513
29229694 10 0 8354078 512
29950589 10 0 8354093 512
30737021 10 0 8354125 512
31064705 10 0 8354171 512
31064705 10 0 8354218 514
26870493 10 0 8354484 513
29426391 10 0 8354484 512
30278356 10 0 8354500 512
31064786 10 0 8354531 512
31720141 10 0 8354562 512
31720141 10 0 8354593 514
31195739 10 0 8354859 513
33292883 10 0 8354859 512
34144853 10 0 8354875 512
35062361 10 0 8354890 512
35914335 10 0 8354906 512
36635240 10 0 8354921 512
37225075 10 0 8354937 512
37618301 10 0 8354937 512
37945992 10 0 8354953 512
38208147 10 0 8354953 512
38339230 10 0 8354968 512
38404777 10 0 8354968 512
38273719 10 0 8354984 512
38077126 10 0 8355015 512
37946070 10 0 8355031 512
37880548 10 0 8355046 512
37749490 10 0 8355062 512
37749490 10 0 8355109 514
17302434 10 0 8355593 513
20251528 10 0 8355593 512
21234559 10 0 8355609 512
22086519 10 0 8355609 512
23004015 10 0 8355625 512
23921510 10 0 8355640 512
24904541 10 0 8355656 512
25756501 10 0 8355687 512
26542923 10 0 8355703 512
27263809 10 0 8355718 512
27788096 10 0 8355781 512
27919172 10 0 8355796 512
27919172 10 0 8355843 514
23462786 10 0 8356093 513
25887621 10 0 8356109 512
27657100 10 0 8356125 512
28509074 10 0 8356140 512
29426583 10 0 8356156 512
29623192 10 0 8356203 512
29492119 10 0 8356218 512
29033362 10 0 8356250 512
28312462 10 0 8356265 512
28312462 10 0 8356312 514
24839049 10 0 8356546 513
24314802 10 0 8356562 512
24249282 10 0 8356578 512
24183761 10 0 8356593 512
23921631 10 0 8356609 512
23397353 10 0 8356625 512
22741999 10 0 8356640 512
21955569 10 0 8356656 512
21169138 10 0 8356687 512
20972531 10 0 8356750 512
21234677 10 0 8356781 512
22021112 10 0 8356796 512
22873082 10 0 8356796 512
23790588 10 0 8356812 512
24773630 10 0 8356828 512
25822206 10 0 8356843 512
26936318 10 0 8356859 512
28050431 10 0 8356875 512
29033472 10 0 8356890 512
29950976 10 0 8356921 512
30802943 10 0 8356953 512
30802943 10 0 8356984 514
33358799 10 0 8357187 513
33489854 10 0 8357187 512
34079658 10 0 8357203 512
34669472 10 0 8357218 512
35390361 10 0 8357234 512
36045718 10 0 8357250 512
36766615 10 0 8357265 512
37487515 10 0 8357265 512
38011812 10 0 8357281 512
38536113 10 0 8357312 512
38994880 10 0 8357328 512
39257040 10 0 8357343 512
39388129 10 0 8357359 512
39191536 10 0 8357375 512
38863868 10 0 8357390 512
38208518 10 0 8357406 512
37487628 10 0 8357421 512
36570125 10 0 8357437 512
35718154 10 0 8357453 512
34866180 10 0 8357468 512
34079738 10 0 8357500 512
33424367 10 0 8357515 512
32834531 10 0 8357531 512
32572375 10 0 8357546 512
32441292 10 0 8357562 512
32506816 10 0 8357578 512
32572340 10 0 8357609 512
32900010 10 0 8357625 512
32900010 10 0 8357656 514
