70 140 660 1280
22872253 10 0 15674234 513
22872289 10 0 15674234 512
22872304 10 0 15674234 512
22872318 10 0 15674250 512
22872331 10 0 15674281 512
23200022 10 0 15674343 512
23789851 10 0 15674359 512
24510748 10 0 15674359 512
25297179 10 0 15674375 512
26149144 10 0 15674375 512
26870038 10 0 15674390 512
27722006 10 0 15674406 512
28442903 10 0 15674453 512
28705048 10 0 15674484 512
28705048 10 0 15674515 514
20251008 10 0 15674718 513
23527808 10 0 15674718 512
24379776 10 0 15674734 512
25166210 10 0 15674734 512
26018180 10 0 15674750 512
26935685 10 0 15674765 512
27853188 10 0 15674781 512
28574081 10 0 15674843 512
28574081 10 0 15674875 514
32899407 10 0 15675062 513
33816907 10 0 15675078 512
36372805 10 0 15675093 512
37552455 10 0 15675109 512
38535497 10 0 15675125 512
39518538 10 0 15675140 512
40436045 10 0 15675171 512
41025875 10 0 15675187 512
41484635 10 0 15675203 512
41746788 10 0 15675218 512
41812335 10 0 15675234 512
41746810 10 0 15675265 512
41615750 10 0 15675312 512
41288080 10 0 15675343 512
40763799 10 0 15675359 512
40042904 10 0 15675375 512
38994327 10 0 15675390 512
38011285 10 0 15675406 512
36962707 10 0 15675421 512
36045201 10 0 15675437 512
35127696 10 0 15675484 512
34275724 10 0 15675515 512
33620358 10 0 15675546 512
33161597 10 0 15675562 512
32833906 10 0 15675609 512
32702822 10 0 15675609 512
32702822 10 0 15675703 514
18940497 10 0 15676046 513
22544966 10 0 15676046 512
23528004 10 0 15676062 512
24445505 10 0 15676078 512
24773184 10 0 15676140 512
24379967 10 0 15676156 512
23790143 10 0 15676171 512
22938177 10 0 15676187 512
22544966 10 0 15676265 512
22544972 10 0 15676281 512
22872661 10 0 15676296 512
23396959 10 0 15676312 512
24052332 10 0 15676328 512
24642169 10 0 15676343 512
25166471 10 0 15676359 512
25625236 10 0 15676375 512
26083994 10 0 15676453 512
26083994 10 0 15676500 514
29098528 10 0 15676718 513
29360701 10 0 15676718 512
29360718 10 0 15676718 512
29360733 10 0 15676734 512
29360747 10 0 15676734 512
29295227 10 0 15676750 512
29295241 10 0 15676765 512
29295256 10 0 15676781 512
29426343 10 0 15676796 512
29557430 10 0 15676812 512
29557430 10 0 15676906 514
29622908 10 0 15677109 513
32637561 10 0 15677109 512
33489530 10 0 15677109 512
34341500 10 0 15677125 512
35062398 10 0 15677125 512
35914368 10 0 15677156 512
36831875 10 0 15677171 512
37683846 10 0 15677187 512
38601352 10 0 15677203 512
38601352 10 0 15677296 514
20316949 10 0 15677609 513
23069445 10 0 15677609 512
23986946 10 0 15677609 512
24904448 10 0 15677625 512
25756414 10 0 15677625 512
26608381 10 0 15677640 512
27525881 10 0 15677656 512
28443382 10 0 15677687 512
29295350 10 0 15677703 512
30016249 10 0 15677718 512
30540544 10 0 15677734 512
30868235 10 0 15677750 512
30999320 10 0 15677765 512
30999332 10 0 15677796 512
30802736 10 0 15677812 512
30475068 10 0 15677875 512
29885253 10 0 15677906 512
29033293 10 0 15677921 512
28181330 10 0 15677937 512
27132757 10 0 15677953 512
26149720 10 0 15677968 512
25166681 10 0 15677984 512
24445782 10 0 15678093 512
24052559 10 0 15678109 512
24052559 10 0 15678125 514
27722495 10 0 15678312 513
27853599 10 0 15678328 512
27722542 10 0 15678343 512
27657023 10 0 15678359 512
27657023 10 0 15678453 514
23069590 10 0 15678640 513
25953170 10 0 15678640 512
27001744 10 0 15678656 512
28050316 10 0 15678671 512
29033353 10 0 15678703 512
29885320 10 0 15678734 512
29885320 10 0 15678812 514
33162051 10 0 15679000 513
33882944 10 0 15679000 512
35390263 10 0 15679000 512
36438832 10 0 15679015 512
37487401 10 0 15679031 512
38535971 10 0 15679046 512
39387935 10 0 15679125 512
40043297 10 0 15679156 512
40502056 10 0 15679171 512
40698676 10 0 15679187 512
40764229 10 0 15679203 512
40633176 10 0 15679218 512
40502120 10 0 15679234 512
40239994 10 0 15679250 512
39977868 10 0 15679265 512
39715741 10 0 15679296 512
39584688 10 0 15679312 512
39125949 10 0 15679406 512
39125949 10 0 15679437 514
24183850 10 0 15679843 513
24183850 10 0 15679843 514
23659682 10 0 15680500 513
23659682 10 0 15680500 514
19924069 10 0 15680921 513
23135324 10 0 15680937 512
25756762 10 0 15680953 512
26543193 10 0 15680968 512
27395159 10 0 15680984 512
28312661 10 0 15681000 512
29164627 10 0 15681015 512
29164627 10 0 15681140 514
30671865 10 0 15681343 513
32703481 10 0 15681359 512
33752058 10 0 15681375 512
34931707 10 0 15681390 512
36176895 10 0 15681406 512
37422085 10 0 15681406 512
38405133 10 0 15681406 512
39191573 10 0 15681406 512
39912479 10 0 15681421 512
40502313 10 0 15681437 512
40961075 10 0 15681437 512
41354301 10 0 15681453 512
41616456 10 0 15681468 512
41813078 10 0 15681484 512
41878627 10 0 15681484 512
42009712 10 0 15681500 512
42009724 10 0 15681500 512
42009736 10 0 15681515 512
41878675 10 0 15681515 512
41682080 10 0 15681531 512
41419949 10 0 15681546 512
41092281 10 0 15681562 512
40633539 10 0 15681562 512
40109259 10 0 15681578 512
39519442 10 0 15681578 512
38864089 10 0 15681593 512
38143199 10 0 15681593 512
37291237 10 0 15681609 512
36504811 10 0 15681609 512
35587311 10 0 15681625 512
34735347 10 0 15681640 512
33948918 10 0 15681640 512
33096953 10 0 15681656 512
32244987 10 0 15681671 512
31327483 10 0 15681687 512
30475514 10 0 15681718 512
29885689 10 0 15681859 512
29885689 10 0 15681906 514
