70 140 660 1280
26018159 10 16759319 8642437 513
24904075 10 16759319 8642437 512
24445337 10 16759319 8642437 512
24183205 10 16759319 8642453 512
24314288 10 16759319 8642484 512
24707508 10 16759319 8642515 512
25297331 10 16759319 8642531 512
25952687 10 16759319 8642531 512
26804648 10 16759319 8642546 512
27591073 10 16759319 8642562 512
28246426 10 16759319 8642562 512
28967313 10 16759319 8642578 512
29688200 10 16759319 8642593 512
29884804 10 16759319 8642687 512
29884804 10 16759319 8642718 514
23790031 10 16759319 8643093 513
27328982 10 16759319 8643109 512
28967378 10 16759319 8643125 512
29819342 10 16759319 8643140 512
30671306 10 16759319 8643156 512
31523271 10 16759319 8643171 512
31523271 10 16759319 8643250 514
32309653 10 16759319 8643468 513
33030549 10 16759319 8643484 512
34406805 10 16759319 8643500 512
35258772 10 16759319 8643515 512
35586451 10 16759319 8643531 512
35455377 10 16759319 8643546 512
34996623 10 16759319 8643578 512
34341262 10 16759319 8643593 512
33620367 10 16759319 8643640 512
32833939 10 16759319 8643671 512
32047512 10 16759319 8643687 512
31457695 10 16759319 8643718 512
31130024 10 16759319 8643750 512
30933428 10 16759319 8643765 512
31130046 10 16759319 8643812 512
31588806 10 16759319 8643843 512
32178634 10 16759319 8643859 512
32768458 10 16759319 8643906 512
33423812 10 16759319 8643953 512
33948090 10 16759319 8644000 512
34275760 10 16759319 8644031 512
34537893 10 16759319 8644046 512
34668954 10 16759319 8644093 512
34668954 10 16759319 8644156 514
27066897 10 16759319 8644484 513
26411567 10 16759319 8644484 512
26346035 10 16759319 8644578 512
26411567 10 16759319 8644593 512
26542630 10 16759319 8644609 512
26935836 10 16759319 8644640 512
27460110 10 16759319 8644656 512
27984387 10 16759319 8644671 512
28705275 10 16759319 8644703 512
29426164 10 16759319 8644718 512
30212592 10 16759319 8644734 512
30999022 10 16759319 8644750 512
31785453 10 16759319 8644765 512
32637423 10 16759319 8644796 512
33292787 10 16759319 8644812 512
33817082 10 16759319 8644843 512
34013701 10 16759319 8644859 512
33948175 10 16759319 8644890 512
33489431 10 16759319 8644906 512
33489431 10 16759319 8644953 514
31130101 10 16759319 8645187 513
30081561 10 16759319 8645187 512
29360677 10 16759319 8645187 512
28770864 10 16759319 8645203 512
28246588 10 16759319 8645218 512
28115523 10 16759319 8645328 512
28574279 10 16759319 8645343 512
29491783 10 16759319 8645359 512
30409286 10 16759319 8645375 512
31457860 10 16759319 8645390 512
32440899 10 16759319 8645406 512
33292866 10 16759319 8645437 512
33555012 10 16759319 8645500 512
33358406 10 16759319 8645531 512
32768582 10 16759319 8645562 512
32047685 10 16759319 8645578 512
31261256 10 16759319 8645656 512
30736973 10 16759319 8645671 512
30343765 10 16759319 8645703 512
30081630 10 16759319 8645734 512
29753960 10 16759319 8645750 512
29360755 10 16759319 8645781 512
28770938 10 16759319 8645812 512
28181115 10 16759319 8645828 512
27525752 10 16759319 8645859 512
27394675 10 16759319 8645953 512
27722352 10 16759319 8645968 512
28312176 10 16759319 8645984 512
29098609 10 16759319 8646000 512
29950578 10 16759319 8646015 512
30868082 10 16759319 8646031 512
31785585 10 16759319 8646046 512
32178801 10 16759319 8646125 512
32178801 10 16759319 8646171 514
25887298 10 16759319 8646468 513
28508745 10 16759319 8646484 512
29491784 10 16759319 8646500 512
30016074 10 16759319 8646562 512
30016074 10 16759319 8646593 514
25100947 10 16759319 8646875 513
24052408 10 16759319 8646875 512
23855815 10 16759319 8646875 512
23659222 10 16759319 8646906 512
23790305 10 16759319 8646937 512
24117990 10 16759319 8646953 512
24642276 10 16759319 8646968 512
25297627 10 16759319 8646984 512
26018509 10 16759319 8647000 512
26739388 10 16759319 8647031 512
27591343 10 16759319 8647046 512
28246691 10 16759319 8647062 512
28246688 10 16759319 8647093 512
27919008 10 16759319 8647125 512
27460261 10 16759319 8647140 512
26804908 10 16759319 8647156 512
26477237 10 16759319 8647234 512
26477247 10 16759319 8647265 512
26608329 10 16759319 8647281 512
26870484 10 16759319 8647296 512
27198177 10 16759319 8647328 512
27525861 10 16759319 8647375 512
27525861 10 16759319 8647421 514
30343824 10 16759319 8647609 513
30212790 10 16759319 8647609 512
29950661 10 16759319 8647609 512
29688530 10 16759319 8647640 512
29360862 10 16759319 8647656 512
29229793 10 16759319 8647703 512
29229790 10 16759319 8647718 512
29426391 10 16759319 8647750 512
29819598 10 16759319 8647781 512
30409413 10 16759319 8647812 512
31195840 10 16759319 8647828 512
31982268 10 16759319 8647906 512
32899766 10 16759319 8647921 512
33686192 10 16759319 8647937 512
34210472 10 16759319 8647953 512
34865824 10 16759319 8647968 512
35586713 10 16759319 8647984 512
36242070 10 16759319 8648031 512
36962968 10 16759319 8648062 512
37290655 10 16759319 8648078 512
37159593 10 16759319 8648093 512
36831925 10 16759319 8648125 512
36307648 10 16759319 8648156 512
35586761 10 16759319 8648171 512
34931404 10 16759319 8648203 512
34341575 10 16759319 8648218 512
34079422 10 16759319 8648250 512
34079412 10 16759319 8648250 512
34276007 10 16759319 8648265 512
34276007 10 16759319 8648359 514
