70 140 660 1280
21692818 10 0 21681562 513
20709806 10 0 21681562 512
20578745 10 0 21681578 512
20578757 10 0 21681609 512
21037516 10 0 21681625 512
21823949 10 0 21681656 512
22610379 10 0 21681656 512
23396803 10 0 21681671 512
24117691 10 0 21681703 512
24117691 10 0 21681828 514
19923480 10 0 21682156 513
22282774 10 0 21682156 512
23134739 10 0 21682171 512
23921169 10 0 21682187 512
24576525 10 0 21682234 512
24576525 10 0 21682250 514
28049882 10 0 21682453 513
30671309 10 0 21682453 512
30867915 10 0 21682500 512
30474699 10 0 21682531 512
29622732 10 0 21682546 512
28901841 10 0 21682562 512
28246491 10 0 21682640 512
27787751 10 0 21682656 512
27918834 10 0 21682750 512
28312056 10 0 21682765 512
28836343 10 0 21682781 512
28836343 10 0 21682828 514
29360623 10 0 21682859 513
29688291 10 0 21682875 512
30212570 10 0 21682890 512
30409176 10 0 21682921 512
30540253 10 0 21682937 512
30605798 10 0 21682968 512
30540274 10 0 21683000 512
30540274 10 0 21683093 514
18154127 10 0 21683515 513
18154127 10 0 21683515 514
22282868 10 0 21683671 513
22479486 10 0 21683671 512
22413973 10 0 21683671 512
22413986 10 0 21683687 512
22348463 10 0 21683703 512
22348463 10 0 21683796 514
23921305 10 0 21683984 513
26018443 10 0 21683984 512
26739339 10 0 21684000 512
27198096 10 0 21684031 512
27198105 10 0 21684046 512
26935969 10 0 21684062 512
26411690 10 0 21684078 512
25625265 10 0 21684093 512
24969905 10 0 21684140 512
24445612 10 0 21684171 512
24445612 10 0 21684281 514
24249017 10 0 21684656 513
24249017 10 0 21684656 514
26149568 10 0 21684921 513
26149568 10 0 21684921 514
22676217 10 0 21685593 513
23397113 10 0 21685609 512
24052473 10 0 21685625 512
24904443 10 0 21685640 512
25821949 10 0 21685656 512
26804989 10 0 21685671 512
27525885 10 0 21685828 512
27525885 10 0 21685843 514
30016204 10 0 21686140 513
32047827 10 0 21686140 512
32244444 10 0 21686140 512
32178919 10 0 21686171 512
31916786 10 0 21686187 512
31589116 10 0 21686328 512
31589116 10 0 21686421 514
20644727 10 0 21686843 513
22610792 10 0 21686843 512
23397217 10 0 21686859 512
24183643 10 0 21686890 512
24511322 10 0 21687000 512
24511322 10 0 21687046 514
22807396 10 0 21687250 513
23790464 10 0 21687250 512
24249227 10 0 21687265 512
24576915 10 0 21687406 512
24576915 10 0 21687453 514
23266209 10 0 21687765 513
23593900 10 0 21687765 512
23724991 10 0 21687781 512
23266245 10 0 21687781 512
23266245 10 0 21687812 514
21562325 10 0 21688031 513
24249299 10 0 21688031 512
25166799 10 0 21688046 512
26149837 10 0 21688062 512
26477515 10 0 21688203 512
26477515 10 0 21688250 514
28246941 10 0 21688625 513
28246969 10 0 21688640 512
28771262 10 0 21688656 512
29557697 10 0 21688671 512
30475201 10 0 21688687 512
31130558 10 0 21688828 512
31130558 10 0 21688937 514
24249021 10 0 21690062 513
24183518 10 0 21690062 512
24117982 10 0 21690078 512
24183518 10 0 21690078 512
24249056 10 0 21690140 512
24183518 10 0 21690140 512
24314592 10 0 21690140 512
24183518 10 0 21690156 512
24380129 10 0 21690156 512
24183518 10 0 21690156 512
24314592 10 0 21690156 512
24445665 10 0 21690171 512
24183518 10 0 21690171 512
24183518 10 0 21690203 514
