70 140 660 1280
24379635 10 1498737 10496984 513
24641817 10 1498737 10496984 512
24641831 10 1498737 10496984 512
24641844 10 1498737 10497000 512
24641857 10 1498737 10497031 512
24838474 10 1498737 10497093 512
25297230 10 1498737 10497125 512
25887054 10 1498737 10497156 512
26476875 10 1498737 10497203 512
26935620 10 1498737 10497218 512
26935620 10 1498737 10497250 514
22610309 10 1498737 10498625 513
24969596 10 1498737 10498625 512
25887098 10 1498737 10498640 512
26804600 10 1498737 10498656 512
27591030 10 1498737 10498671 512
28442997 10 1498737 10498687 512
29163893 10 1498737 10498718 512
29163893 10 1498737 10498812 514
31588651 10 1498737 10499203 513
33751338 10 1498737 10499203 512
33751338 10 1498737 10499250 512
33882409 10 1498737 10499281 512
33947945 10 1498737 10499281 512
33947945 10 1498737 10499296 512
33947945 10 1498737 10499312 514
31457578 10 1498737 10499531 513
31195465 10 1498737 10499531 512
31064407 10 1498737 10499531 512
30998885 10 1498737 10499562 512
30933364 10 1498737 10499578 512
30933377 10 1498737 10499593 512
30998926 10 1498737 10499609 512
31326615 10 1498737 10499656 512
31916443 10 1498737 10499687 512
32571804 10 1498737 10499703 512
33358233 10 1498737 10499734 512
34079124 10 1498737 10499781 512
34537868 10 1498737 10499828 512
34734466 10 1498737 10499859 512
34734466 10 1498737 10499890 514
35258687 10 1498737 10500156 513
35193190 10 1498737 10500156 512
35193202 10 1498737 10500171 512
35193216 10 1498737 10500187 512
35127693 10 1498737 10500218 512
34931097 10 1498737 10500265 512
34931097 10 1498737 10500296 514
24773119 10 1498737 10500781 513
24183330 10 1498737 10500796 512
24052270 10 1498737 10500812 512
23986746 10 1498737 10500828 512
23855686 10 1498737 10500843 512
23790162 10 1498737 10500859 512
23593559 10 1498737 10500937 512
23593559 10 1498737 10500968 514
24510975 10 1498737 10501234 513
26542588 10 1498737 10501234 512
27394556 10 1498737 10501250 512
28180989 10 1498737 10501265 512
29032958 10 1498737 10501281 512
29753855 10 1498737 10501296 512
30540289 10 1498737 10501328 512
31195654 10 1498737 10501359 512
31785485 10 1498737 10501390 512
32178710 10 1498737 10501421 512
32440865 10 1498737 10501453 512
32571950 10 1498737 10501468 512
32637499 10 1498737 10501500 512
32375364 10 1498737 10501593 512
31982150 10 1498737 10501609 512
31523393 10 1498737 10501640 512
31523393 10 1498737 10501671 514
29032970 10 1498737 10501906 513
28770859 10 1498737 10501906 512
28705337 10 1498737 10501906 512
28639815 10 1498737 10501921 512
28508757 10 1498737 10501953 512
28312161 10 1498737 10501984 512
27918957 10 1498737 10502015 512
27394679 10 1498737 10502031 512
26739326 10 1498737 10502062 512
26018436 10 1498737 10502093 512
25100938 10 1498737 10502109 512
24248975 10 1498737 10502140 512
23397010 10 1498737 10502187 512
23069332 10 1498737 10502296 512
23265942 10 1498737 10502312 512
23921301 10 1498737 10502328 512
24838803 10 1498737 10502343 512
25952913 10 1498737 10502375 512
27067025 10 1498737 10502390 512
28181139 10 1498737 10502406 512
29295251 10 1498737 10502421 512
30278291 10 1498737 10502437 512
31130258 10 1498737 10502453 512
31916690 10 1498737 10502484 512
32178832 10 1498737 10502531 512
32047760 10 1498737 10502546 512
31589009 10 1498737 10502578 512
30933651 10 1498737 10502593 512
30212755 10 1498737 10502609 512
29491861 10 1498737 10502687 512
28902042 10 1498737 10502703 512
28508835 10 1498737 10502750 512
28246703 10 1498737 10502765 512
28246703 10 1498737 10502890 514
24183498 10 1498737 10503140 513
26870467 10 1498737 10503140 512
27984578 10 1498737 10503140 512
29033154 10 1498737 10503171 512
30147267 10 1498737 10503187 512
30147267 10 1498737 10503281 514
22610748 10 1498737 10503875 513
23462686 10 1498737 10503890 512
24183579 10 1498737 10503906 512
24970012 10 1498737 10503921 512
25559842 10 1498737 10503937 512
25953066 10 1498737 10503953 512
26018614 10 1498737 10503984 512
25822019 10 1498737 10504000 512
25494351 10 1498737 10504000 512
24970073 10 1498737 10504031 512
24314719 10 1498737 10504062 512
23659360 10 1498737 10504078 512
23200602 10 1498737 10504109 512
22938449 10 1498737 10504125 512
22872901 10 1498737 10504140 512
23003961 10 1498737 10504156 512
23200558 10 1498737 10504171 512
23528228 10 1498737 10504203 512
23921434 10 1498737 10504218 512
23921434 10 1498737 10504250 514
28967669 10 1498737 10504546 513
28705561 10 1498737 10504546 512
28705575 10 1498737 10504562 512
28640053 10 1498737 10504578 512
28640068 10 1498737 10504593 512
28640082 10 1498737 10504609 512
28640095 10 1498737 10504625 512
28640107 10 1498737 10504656 512
28640107 10 1498737 10504750 514
28377911 10 1498737 10505015 513
30802736 10 1498737 10505015 512
30802736 10 1498737 10505078 514
28115799 10 1498737 10505359 513
30540638 10 1498737 10505359 512
30540638 10 1498737 10505484 514
31130369 10 1498737 10505843 513
31851262 10 1498737 10505843 512
33358598 10 1498737 10505859 512
33751821 10 1498737 10505875 512
33882902 10 1498737 10505890 512
33882914 10 1498737 10505906 512
33686320 10 1498737 10505937 512
33555263 10 1498737 10505953 512
33424207 10 1498737 10505968 512
33293151 10 1498737 10505984 512
33162095 10 1498737 10506000 512
33031038 10 1498737 10506015 512
33031038 10 1498737 10506062 514
