70 140 660 1280
24445299 10 0 4269203 513
22872473 10 0 4269203 512
22217123 10 0 4269203 512
21758382 10 0 4269234 512
21365177 10 0 4269265 512
20971972 10 0 4269312 512
21037518 10 0 4269406 512
21365202 10 0 4269421 512
21889490 10 0 4269468 512
22544847 10 0 4269484 512
23331274 10 0 4269500 512
24052163 10 0 4269515 512
24904123 10 0 4269531 512
25625011 10 0 4269546 512
26345899 10 0 4269562 512
27263396 10 0 4269578 512
28115357 10 0 4269593 512
29098389 10 0 4269609 512
30015884 10 0 4269625 512
30933379 10 0 4269640 512
31719804 10 0 4269656 512
32440693 10 0 4269687 512
32440693 10 0 4269812 514
18678289 10 0 4270328 513
21103102 10 0 4270343 512
22938109 10 0 4270359 512
23921149 10 0 4270375 512
24969724 10 0 4270390 512
26083833 10 0 4270406 512
27132408 10 0 4270406 512
28049911 10 0 4270421 512
28901880 10 0 4270437 512
29753849 10 0 4270468 512
29753849 10 0 4270515 514
36897149 10 0 4270953 513
37618054 10 0 4270953 512
39322014 10 0 4270953 512
39780776 10 0 4270968 512
40370608 10 0 4271000 512
40370608 10 0 4271125 514
36897162 10 0 4271531 513
35389871 10 0 4271531 512
34865594 10 0 4271546 512
34341318 10 0 4271562 512
33948112 10 0 4271578 512
33489371 10 0 4271593 512
33161701 10 0 4271625 512
32899569 10 0 4271656 512
32702972 10 0 4271687 512
32768519 10 0 4271750 512
33030672 10 0 4271796 512
33620503 10 0 4271828 512
34341402 10 0 4271859 512
35193370 10 0 4271875 512
36045337 10 0 4271906 512
36897301 10 0 4271921 512
37814801 10 0 4271953 512
38666765 10 0 4271984 512
39387655 10 0 4272078 512
39387655 10 0 4272093 514
40501691 10 0 4272468 513
40042973 10 0 4272468 512
39846378 10 0 4272500 512
39649783 10 0 4272515 512
39453187 10 0 4272546 512
39256591 10 0 4272625 512
39256591 10 0 4272687 514
21299855 10 0 4273406 513
21103276 10 0 4273406 512
21103276 10 0 4273468 514
24773253 10 0 4273671 513
23855778 10 0 4273671 512
23528109 10 0 4273687 512
23265975 10 0 4273718 512
23397053 10 0 4273781 512
23790271 10 0 4273796 512
24249019 10 0 4273812 512
24773300 10 0 4273828 512
25363117 10 0 4273843 512
26084006 10 0 4273859 512
26542748 10 0 4273875 512
27198099 10 0 4273890 512
27918988 10 0 4273906 512
28639880 10 0 4273937 512
29426310 10 0 4273968 512
30081673 10 0 4274015 512
30540432 10 0 4274078 512
30737049 10 0 4274109 512
30605986 10 0 4274125 512
30081706 10 0 4274140 512
29622962 10 0 4274171 512
28902072 10 0 4274203 512
28181180 10 0 4274218 512
27656890 10 0 4274265 512
27329204 10 0 4274296 512
27001521 10 0 4274406 512
26608307 10 0 4274437 512
26346168 10 0 4274453 512
26018498 10 0 4274468 512
25559759 10 0 4274484 512
25166555 10 0 4274500 512
24773351 10 0 4274531 512
24773351 10 0 4274656 514
28574399 10 0 4275031 513
27656925 10 0 4275031 512
27263721 10 0 4275046 512
26673907 10 0 4275125 512
26673907 10 0 4275171 514
22414097 10 0 4275468 513
24773388 10 0 4275468 512
25625358 10 0 4275468 512
26477328 10 0 4275484 512
27263762 10 0 4275515 512
28050195 10 0 4275531 512
28902161 10 0 4275562 512
29754127 10 0 4275578 512
30540557 10 0 4275593 512
31326989 10 0 4275609 512
32047884 10 0 4275640 512
32768780 10 0 4275671 512
32768780 10 0 4275765 514
19202865 10 0 4276203 513
21103411 10 0 4276203 512
21955380 10 0 4276218 512
22872887 10 0 4276234 512
23790394 10 0 4276250 512
24773436 10 0 4276281 512
25822014 10 0 4276296 512
26870593 10 0 4276312 512
27984707 10 0 4276328 512
29164357 10 0 4276343 512
30409544 10 0 4276359 512
31654730 10 0 4276375 512
32899916 10 0 4276390 512
34079566 10 0 4276406 512
35193680 10 0 4276421 512
35193680 10 0 4276484 514
17302501 10 0 4277187 513
19465171 10 0 4277187 512
20186063 10 0 4277203 512
20972491 10 0 4277218 512
21758919 10 0 4277250 512
22545346 10 0 4277281 512
22873024 10 0 4277359 512
22873024 10 0 4277375 514
17630173 10 0 4277812 513
19530752 10 0 4277812 512
19989514 10 0 4277828 512
20448277 10 0 4277843 512
20907039 10 0 4277875 512
20907039 10 0 4277968 514
24970124 10 0 4278359 513
24970152 10 0 4278359 512
24839094 10 0 4278375 512
24708036 10 0 4278390 512
24511443 10 0 4278406 512
24380387 10 0 4278421 512
24183795 10 0 4278437 512
23921666 10 0 4278468 512
23725073 10 0 4278500 512
23594014 10 0 4278531 512
23462947 10 0 4278625 512
23462947 10 0 4278671 514
24314863 10 0 4278937 513
26674150 10 0 4278953 512
27395043 10 0 4279046 512
28050399 10 0 4279109 512
28509145 10 0 4279250 512
28771288 10 0 4279390 512
28640218 10 0 4279437 512
28509153 10 0 4279468 512
28312555 10 0 4279484 512
28247031 10 0 4279609 512
28181507 10 0 4279625 512
28443662 10 0 4279687 512
28902422 10 0 4279750 512
29426717 10 0 4279796 512
30147617 10 0 4279828 512
30868515 10 0 4279859 512
31654947 10 0 4279890 512
32506915 10 0 4279937 512
33358881 10 0 4279968 512
34210844 10 0 4280015 512
34997271 10 0 4280046 512
35718160 10 0 4280078 512
36242441 10 0 4280187 512
36242441 10 0 4280281 514
