70 140 660 1280
17105184 10 0 16430078 513
17695045 10 0 16430078 512
17760595 10 0 16430078 512
17760609 10 0 16430093 512
17695086 10 0 16430109 512
17695100 10 0 16430125 512
17695113 10 0 16430140 512
17826197 10 0 16430171 512
18022816 10 0 16430218 512
18547113 10 0 16430265 512
19136941 10 0 16430281 512
19857838 10 0 16430312 512
20644267 10 0 16430328 512
21496229 10 0 16430343 512
22282652 10 0 16430359 512
23265683 10 0 16430375 512
24248714 10 0 16430390 512
25100673 10 0 16430406 512
25887097 10 0 16430406 512
26673522 10 0 16430437 512
27525484 10 0 16430453 512
28442981 10 0 16430468 512
29360479 10 0 16430484 512
30212441 10 0 16430500 512
31064403 10 0 16430515 512
31064403 10 0 16430609 514
15860257 10 0 16430984 513
18743836 10 0 16430984 512
20054554 10 0 16430984 512
21234201 10 0 16431000 512
22217239 10 0 16431000 512
23134742 10 0 16431015 512
23921173 10 0 16431015 512
24904213 10 0 16431031 512
25952789 10 0 16431062 512
27132434 10 0 16431078 512
28246542 10 0 16431093 512
29295113 10 0 16431109 512
29295113 10 0 16431140 514
31064470 10 0 16431390 513
33620378 10 0 16431390 512
34668955 10 0 16431390 512
35651996 10 0 16431421 512
36045210 10 0 16431484 512
36045207 10 0 16431515 512
35651989 10 0 16431531 512
34931093 10 0 16431578 512
34144663 10 0 16431593 512
33358236 10 0 16431609 512
32702885 10 0 16431625 512
32244144 10 0 16431640 512
31982013 10 0 16431656 512
31654348 10 0 16431671 512
31392220 10 0 16431687 512
31326699 10 0 16431703 512
31392248 10 0 16431718 512
31785475 10 0 16431750 512
32375306 10 0 16431765 512
33030670 10 0 16431781 512
33817104 10 0 16431796 512
34538000 10 0 16431812 512
35324428 10 0 16431828 512
36110851 10 0 16431843 512
36766198 10 0 16431859 512
37487078 10 0 16431875 512
38076888 10 0 16431890 512
38666699 10 0 16431906 512
38928831 10 0 16431921 512
38863285 10 0 16431937 512
38863285 10 0 16431968 514
28967513 10 0 16432203 513
28705389 10 0 16432203 512
28508806 10 0 16432203 512
28377751 10 0 16432218 512
28181162 10 0 16432250 512
27984572 10 0 16432250 512
27656907 10 0 16432265 512
27394777 10 0 16432265 512
27001576 10 0 16432281 512
26542837 10 0 16432312 512
25953018 10 0 16432343 512
25428727 10 0 16432359 512
24969968 10 0 16432359 512
24969968 10 0 16432390 514
23462541 10 0 16432546 513
24183485 10 0 16432546 512
24249035 10 0 16432546 512
24249050 10 0 16432562 512
24445671 10 0 16432593 512
24445671 10 0 16432609 514
30016185 10 0 16432781 513
30802609 10 0 16432781 512
32244396 10 0 16432781 512
32965296 10 0 16432812 512
33424055 10 0 16432828 512
33686209 10 0 16432843 512
33620683 10 0 16432859 512
33161939 10 0 16432890 512
33096407 10 0 16432984 512
33424091 10 0 16433000 512
34013917 10 0 16433015 512
34931421 10 0 16433031 512
35914459 10 0 16433046 512
37028566 10 0 16433062 512
37946064 10 0 16433078 512
38863563 10 0 16433093 512
39715523 10 0 16433109 512
40239810 10 0 16433187 512
40174275 10 0 16433203 512
40043210 10 0 16433218 512
39846613 10 0 16433234 512
39584483 10 0 16433250 512
39322354 10 0 16433265 512
39125761 10 0 16433281 512
39125761 10 0 16433343 514
26673995 10 0 16433640 513
25494379 10 0 16433640 512
25166714 10 0 16433656 512
25035656 10 0 16433671 512
25232276 10 0 16433703 512
25756568 10 0 16433718 512
26411927 10 0 16433718 512
27263892 10 0 16433734 512
28246927 10 0 16433750 512
29295497 10 0 16433781 512
30278531 10 0 16433796 512
31130494 10 0 16433812 512
31392636 10 0 16433875 512
31261566 10 0 16433890 512
30737280 10 0 16433906 512
30016388 10 0 16433921 512
29295497 10 0 16433937 512
28574607 10 0 16433984 512
28050329 10 0 16434000 512
27460515 10 0 16434015 512
27001773 10 0 16434031 512
26608567 10 0 16434031 512
26346435 10 0 16434062 512
26149840 10 0 16434078 512
26346455 10 0 16434125 512
26674136 10 0 16434140 512
26674136 10 0 16434171 514
30213015 10 0 16434343 513
29885375 10 0 16434343 512
29688779 10 0 16434343 512
29361110 10 0 16434375 512
28902366 10 0 16434390 512
28247011 10 0 16434406 512
27460582 10 0 16434421 512
27460582 10 0 16434484 514
23593963 10 0 16434609 513
25494504 10 0 16434625 512
26346472 10 0 16434640 512
27395048 10 0 16434656 512
28443624 10 0 16434671 512
29492199 10 0 16434687 512
30475237 10 0 16434703 512
31392736 10 0 16434734 512
32375770 10 0 16434750 512
33031121 10 0 16434781 512
33555398 10 0 16434812 512
34210747 10 0 16434828 512
34866096 10 0 16434859 512
35718055 10 0 16434875 512
36570018 10 0 16434906 512
37290915 10 0 16434921 512
37684137 10 0 16434937 512
37749683 10 0 16434953 512
37684160 10 0 16434968 512
37356493 10 0 16434984 512
36832217 10 0 16435000 512
36176867 10 0 16435015 512
35390441 10 0 16435046 512
34669545 10 0 16435062 512
34210788 10 0 16435078 512
33948636 10 0 16435093 512
33817554 10 0 16435093 512
33817554 10 0 16435140 514
