70 140 660 1280
26673514 10 0 10529718 513
26018155 10 0 10529734 512
29098362 10 0 10529750 512
29950333 10 0 10529765 512
30540164 10 0 10529781 512
30802319 10 0 10529796 512
30802330 10 0 10529812 512
30605733 10 0 10529828 512
30015916 10 0 10529890 512
29163951 10 0 10529906 512
28049840 10 0 10529921 512
26935728 10 0 10529937 512
25690544 10 0 10529953 512
24510897 10 0 10529968 512
23921077 10 0 10530031 512
24117688 10 0 10530046 512
24641979 10 0 10530062 512
25559486 10 0 10530078 512
26739136 10 0 10530078 512
27918785 10 0 10530078 512
29032899 10 0 10530093 512
30081477 10 0 10530109 512
30409158 10 0 10530156 512
30081478 10 0 10530171 512
29360581 10 0 10530203 512
28443077 10 0 10530218 512
27525575 10 0 10530234 512
26870221 10 0 10530250 512
26214869 10 0 10530265 512
25625054 10 0 10530281 512
25297385 10 0 10530296 512
25297385 10 0 10530328 514
25887261 10 0 10530531 513
23724556 10 0 10530531 512
22938129 10 0 10530546 512
22479387 10 0 10530562 512
22544932 10 0 10530609 512
22872618 10 0 10530625 512
23462443 10 0 10530640 512
24183337 10 0 10530671 512
24969764 10 0 10530687 512
25690653 10 0 10530718 512
26346003 10 0 10530734 512
26935816 10 0 10530750 512
27525629 10 0 10530765 512
27787768 10 0 10530828 512
27722236 10 0 10530843 512
27525635 10 0 10530843 512
27197966 10 0 10530859 512
26804764 10 0 10530875 512
26280492 10 0 10530890 512
25887292 10 0 10530906 512
25952837 10 0 10530984 512
26214983 10 0 10531000 512
26673732 10 0 10531015 512
27329088 10 0 10531046 512
28049979 10 0 10531062 512
28770871 10 0 10531078 512
29622836 10 0 10531093 512
30081591 10 0 10531140 512
30016061 10 0 10531156 512
29426245 10 0 10531171 512
28705358 10 0 10531187 512
27918935 10 0 10531187 512
27132511 10 0 10531203 512
26411622 10 0 10531203 512
25690731 10 0 10531218 512
24904303 10 0 10531234 512
24117872 10 0 10531265 512
23462516 10 0 10531328 512
22872699 10 0 10531343 512
22348422 10 0 10531359 512
21955219 10 0 10531375 512
21693088 10 0 10531390 512
21758633 10 0 10531421 512
22151849 10 0 10531437 512
22676133 10 0 10531453 512
23200414 10 0 10531453 512
23921300 10 0 10531484 512
24248979 10 0 10531531 512
24183449 10 0 10531546 512
23921316 10 0 10531578 512
23593651 10 0 10531593 512
23462595 10 0 10531609 512
23528144 10 0 10531625 512
23986903 10 0 10531671 512
24511191 10 0 10531671 512
25035475 10 0 10531687 512
25494218 10 0 10531687 512
25887424 10 0 10531703 512
26084020 10 0 10531703 512
26280615 10 0 10531718 512
26542748 10 0 10531718 512
26870414 10 0 10531734 512
27132544 10 0 10531765 512
27067004 10 0 10531796 512
26870399 10 0 10531812 512
26608263 10 0 10531812 512
26215058 10 0 10531828 512
25821856 10 0 10531843 512
25428653 10 0 10531843 512
25035449 10 0 10531859 512
24707782 10 0 10531875 512
24773324 10 0 10531937 512
25166540 10 0 10531953 512
25756361 10 0 10531968 512
26673860 10 0 10531984 512
27591357 10 0 10532015 512
28574393 10 0 10532031 512
29295290 10 0 10532078 512
29688513 10 0 10532093 512
29885130 10 0 10532125 512
29885142 10 0 10532156 512
29885142 10 0 10532187 514
