70 140 660 1280
28836158 10 0 4365953 513
31588681 10 0 4365968 512
33489219 10 0 4365984 512
34406722 10 0 4366000 512
35062087 10 0 4366031 512
35389776 10 0 4366046 512
35324251 10 0 4366046 512
34865512 10 0 4366062 512
34275700 10 0 4366078 512
33620350 10 0 4366109 512
32965000 10 0 4366125 512
32244110 10 0 4366156 512
32244110 10 0 4366187 514
23200145 10 0 4366468 513
25821594 10 0 4366468 512
26870172 10 0 4366468 512
27984288 10 0 4366500 512
29360547 10 0 4366515 512
30802342 10 0 4366531 512
32178601 10 0 4366546 512
33358253 10 0 4366546 512
34537903 10 0 4366578 512
35652018 10 0 4366593 512
36766131 10 0 4366609 512
37880245 10 0 4366625 512
38338996 10 0 4366687 512
38273458 10 0 4366718 512
37749168 10 0 4366734 512
36831662 10 0 4366750 512
35848621 10 0 4366812 512
34931120 10 0 4366828 512
34210229 10 0 4366843 512
33751485 10 0 4366875 512
33358279 10 0 4366890 512
32965074 10 0 4366906 512
32571870 10 0 4366937 512
32571870 10 0 4366968 514
23200433 10 0 4367312 513
25821837 10 0 4367312 512
26542724 10 0 4367312 512
27132538 10 0 4367328 512
27787890 10 0 4367343 512
28508776 10 0 4367359 512
28770917 10 0 4367406 512
28639845 10 0 4367421 512
28377705 10 0 4367453 512
28050035 10 0 4367468 512
27984513 10 0 4367500 512
28115598 10 0 4367515 512
28050072 10 0 4367609 512
27722400 10 0 4367640 512
27460265 10 0 4367687 512
27067059 10 0 4367718 512
26542779 10 0 4367734 512
25887426 10 0 4367765 512
25166534 10 0 4367781 512
24380105 10 0 4367796 512
23528138 10 0 4367843 512
23003851 10 0 4367968 512
22676172 10 0 4368109 512
22676172 10 0 4368140 514
20316891 10 0 4368890 513
22872798 10 0 4368906 512
25363168 10 0 4368921 512
26608351 10 0 4368937 512
27722465 10 0 4368953 512
28705507 10 0 4368953 512
29623013 10 0 4368968 512
30016228 10 0 4369046 512
30212831 10 0 4369062 512
30343894 10 0 4369109 512
30474955 10 0 4369140 512
30802625 10 0 4369171 512
31457978 10 0 4369187 512
32244406 10 0 4369218 512
33096373 10 0 4369234 512
33751736 10 0 4369250 512
34079423 10 0 4369265 512
34144967 10 0 4369281 512
33882832 10 0 4369312 512
33358550 10 0 4369328 512
32703193 10 0 4369343 512
32047830 10 0 4369375 512
31523534 10 0 4369390 512
31326917 10 0 4369421 512
31064768 10 0 4369468 512
31064768 10 0 4369500 514
25101128 10 0 4369750 513
23724909 10 0 4369750 512
23397240 10 0 4369750 512
23462786 10 0 4369781 512
23921545 10 0 4369796 512
24773515 10 0 4369828 512
25691018 10 0 4369843 512
26346374 10 0 4369859 512
26674046 10 0 4369875 512
26739572 10 0 4369921 512
27067247 10 0 4369984 512
27525994 10 0 4370000 512
28181348 10 0 4370015 512
28836700 10 0 4370031 512
29492051 10 0 4370062 512
29885256 10 0 4370078 512
30081852 10 0 4370109 512
30212919 10 0 4370156 512
30212922 10 0 4370171 512
30016325 10 0 4370187 512
29754193 10 0 4370187 512
29492062 10 0 4370203 512
29164394 10 0 4370203 512
28902264 10 0 4370234 512
28509062 10 0 4370250 512
28050324 10 0 4370250 512
27591584 10 0 4370296 512
26870697 10 0 4370312 512
26018735 10 0 4370343 512
25035697 10 0 4370359 512
23987122 10 0 4370375 512
22938545 10 0 4370390 512
22414258 10 0 4370453 512
22545332 10 0 4370468 512
23004086 10 0 4370484 512
23659448 10 0 4370484 512
24511416 10 0 4370500 512
25494456 10 0 4370515 512
26543031 10 0 4370531 512
27526071 10 0 4370546 512
28115898 10 0 4370609 512
28181437 10 0 4370625 512
27788224 10 0 4370656 512
27263941 10 0 4370687 512
26739661 10 0 4370703 512
26280917 10 0 4370718 512
25887710 10 0 4370750 512
25887715 10 0 4370796 512
25887715 10 0 4370828 514
30737298 10 0 4371031 513
32703386 10 0 4371031 512
33293220 10 0 4371031 512
33620912 10 0 4371062 512
33817532 10 0 4371078 512
33817532 10 0 4371156 514
28967584 10 0 4371781 513
28967571 10 0 4371796 512
29622977 10 0 4371812 512
29622977 10 0 4371828 514
