70 140 660 1280
19398978 10 0 18839640 513
22217016 10 0 18839656 512
24445241 10 0 18839671 512
25428284 10 0 18839687 512
26214722 10 0 18839703 512
27001160 10 0 18839718 512
27590994 10 0 18839734 512
27984222 10 0 18839765 512
28049772 10 0 18839781 512
27787640 10 0 18839796 512
27328902 10 0 18839812 512
26542481 10 0 18839828 512
25690522 10 0 18839843 512
24576416 10 0 18839859 512
23396771 10 0 18839875 512
22217125 10 0 18839890 512
21168549 10 0 18839906 512
20185508 10 0 18839937 512
20185508 10 0 18839984 514
24510797 10 0 18840265 513
24183147 10 0 18840265 512
23986554 10 0 18840281 512
23724424 10 0 18840296 512
23462294 10 0 18840312 512
23462294 10 0 18840343 514
18416075 10 0 18840578 513
21692877 10 0 18840578 512
22806989 10 0 18840593 512
23986635 10 0 18840609 512
24969672 10 0 18840625 512
25821637 10 0 18840640 512
26673603 10 0 18840656 512
26804674 10 0 18840687 512
26476994 10 0 18840718 512
25690563 10 0 18840734 512
24838598 10 0 18840750 512
23855560 10 0 18840765 512
23134670 10 0 18840796 512
22675926 10 0 18840828 512
22479329 10 0 18840843 512
22413805 10 0 18840859 512
22675957 10 0 18840906 512
22675957 10 0 18840937 514
30474617 10 0 18841125 513
29163942 10 0 18841125 512
28705204 10 0 18841140 512
28377540 10 0 18841156 512
28377555 10 0 18841187 512
28639709 10 0 18841218 512
29229538 10 0 18841234 512
30081506 10 0 18841250 512
30999005 10 0 18841265 512
30999005 10 0 18841312 514
20644396 10 0 18841734 513
19923518 10 0 18841734 512
19661392 10 0 18841734 512
20054611 10 0 18841750 512
20709968 10 0 18841750 512
21430859 10 0 18841765 512
22151748 10 0 18841781 512
22807101 10 0 18841781 512
23396917 10 0 18841796 512
24052269 10 0 18841796 512
24773157 10 0 18841812 512
25559582 10 0 18841828 512
26214932 10 0 18841843 512
26214932 10 0 18841937 514
23593527 10 0 18842109 513
25231954 10 0 18842109 512
25756249 10 0 18842125 512
26280545 10 0 18842140 512
26280545 10 0 18842187 514
24248935 10 0 18842359 513
24183410 10 0 18842359 512
23921283 10 0 18842359 512
23921283 10 0 18842421 514
20185736 10 0 18842593 513
23069332 10 0 18842609 512
24117906 10 0 18842625 512
25166480 10 0 18842640 512
26215054 10 0 18842656 512
27132557 10 0 18842671 512
27132557 10 0 18842718 514
18481845 10 0 18842937 513
21955251 10 0 18842953 512
25363120 10 0 18842968 512
26477233 10 0 18842984 512
27656882 10 0 18843000 512
28770995 10 0 18843015 512
29885107 10 0 18843031 512
29885107 10 0 18843078 514
17695499 10 0 18843453 513
17236775 10 0 18843453 512
17105718 10 0 18843468 512
17236805 10 0 18843484 512
17564497 10 0 18843500 512
18154331 10 0 18843515 512
19006304 10 0 18843531 512
20120418 10 0 18843546 512
21168993 10 0 18843562 512
22217567 10 0 18843578 512
23200603 10 0 18843593 512
23200603 10 0 18843640 514
21365545 10 0 18843828 513
23266088 10 0 18843828 512
24118053 10 0 18843828 512
24904478 10 0 18843859 512
25428756 10 0 18843875 512
25756434 10 0 18843968 512
25887512 10 0 18844000 512
25887521 10 0 18844000 512
25756461 10 0 18844015 512
25625402 10 0 18844015 512
25494342 10 0 18844031 512
25232211 10 0 18844046 512
24970081 10 0 18844062 512
24707949 10 0 18844078 512
24249206 10 0 18844093 512
24249206 10 0 18844140 514
16909204 10 0 18844328 513
20513684 10 0 18844328 512
21496722 10 0 18844343 512
22414224 10 0 18844343 512
23462799 10 0 18844359 512
24445838 10 0 18844375 512
24642445 10 0 18844453 512
24380301 10 0 18844468 512
23790479 10 0 18844515 512
23069588 10 0 18844531 512
22545308 10 0 18844546 512
22217639 10 0 18844562 512
21824435 10 0 18844578 512
21365695 10 0 18844593 512
21365695 10 0 18844687 514
25297761 10 0 18844828 513
26215256 10 0 18844828 512
27329371 10 0 18844828 512
28246880 10 0 18844843 512
29164392 10 0 18844859 512
29950836 10 0 18844875 512
30606211 10 0 18844890 512
30868370 10 0 18844906 512
30802848 10 0 18844906 512
30606256 10 0 18844921 512
30213056 10 0 18844921 512
29623248 10 0 18844937 512
28902368 10 0 18844937 512
28050416 10 0 18844953 512
27198464 10 0 18844968 512
26412046 10 0 18844968 512
25756698 10 0 18844984 512
25756698 10 0 18845015 514
