70 140 660 1280
22479174 10 0 8386015 513
24707401 10 0 8386015 512
25821513 10 0 8386031 512
26935624 10 0 8386046 512
28049736 10 0 8386062 512
29098313 10 0 8386078 512
29098313 10 0 8386109 514
24576407 10 0 8386765 513
26608019 10 0 8386765 512
27525521 10 0 8386781 512
28443023 10 0 8386796 512
28443023 10 0 8386843 514
26607937 10 0 8387093 513
26411339 10 0 8387093 512
26149221 10 0 8387093 512
26018167 10 0 8387109 512
25756039 10 0 8387125 512
25756039 10 0 8387187 514
29032775 10 0 8387406 513
28836201 10 0 8387406 512
28770680 10 0 8387421 512
28836232 10 0 8387437 512
28836232 10 0 8387484 514
25100730 10 0 8387734 513
27525563 10 0 8387734 512
28443068 10 0 8387750 512
28443068 10 0 8387828 514
27132347 10 0 8388109 513
26870242 10 0 8388125 512
26935782 10 0 8388156 512
26935782 10 0 8388187 514
30736790 10 0 8388593 513
30278072 10 0 8388593 512
30343619 10 0 8388609 512
30736843 10 0 8388625 512
31261138 10 0 8388640 512
32047572 10 0 8388656 512
32899540 10 0 8388687 512
33751508 10 0 8388718 512
33751508 10 0 8388765 514
24445523 10 0 8389031 513
27132479 10 0 8389031 512
27918905 10 0 8389046 512
28705333 10 0 8389062 512
29426224 10 0 8389078 512
30147115 10 0 8389109 512
30147115 10 0 8389140 514
27722315 10 0 8389375 513
29950547 10 0 8389375 512
30736982 10 0 8389375 512
31523418 10 0 8389406 512
31523418 10 0 8389468 514
29164136 10 0 8389750 513
29164136 10 0 8389750 514
25166486 10 0 8389921 513
27001502 10 0 8389921 512
28050078 10 0 8389921 512
29229726 10 0 8389937 512
30409373 10 0 8389953 512
31457948 10 0 8389968 512
32506523 10 0 8390000 512
33424026 10 0 8390015 512
33424026 10 0 8390046 514
23986889 10 0 8390328 513
26936004 10 0 8390328 512
27787971 10 0 8390343 512
28508867 10 0 8390343 512
29426372 10 0 8390359 512
30409411 10 0 8390375 512
31392451 10 0 8390390 512
32375492 10 0 8390421 512
32375492 10 0 8390484 514
26804977 10 0 8390953 513
26805008 10 0 8390968 512
26870557 10 0 8390984 512
27001634 10 0 8391015 512
27001634 10 0 8391062 514
29885150 10 0 8391203 513
29754089 10 0 8391218 512
29491983 10 0 8391234 512
29491998 10 0 8391250 512
29426476 10 0 8391281 512
29426476 10 0 8391375 514
31982341 10 0 8391625 513
32637697 10 0 8391625 512
33817361 10 0 8391625 512
33948443 10 0 8391640 512
33751846 10 0 8391671 512
33293099 10 0 8391703 512
32834346 10 0 8391718 512
32572195 10 0 8391734 512
32572195 10 0 8391765 514
36045588 10 0 8392296 513
35324696 10 0 8392296 512
38077185 10 0 8392296 512
38273790 10 0 8392359 512
38273793 10 0 8392375 512
38208264 10 0 8392406 512
38142738 10 0 8392421 512
38011679 10 0 8392437 512
38011691 10 0 8392453 512
38011704 10 0 8392500 512
38011704 10 0 8392562 514
