70 140 660 1280
28967332 10 0 10438187 513
31523258 10 0 10438187 512
32506304 10 0 10438187 512
32899523 10 0 10438250 512
32702915 10 0 10438265 512
31982015 10 0 10438281 512
31130044 10 0 10438296 512
30015930 10 0 10438312 512
29098427 10 0 10438328 512
28246461 10 0 10438375 512
27984320 10 0 10438421 512
28180934 10 0 10438437 512
28770764 10 0 10438453 512
29557202 10 0 10438468 512
30474711 10 0 10438484 512
31457753 10 0 10438515 512
32375256 10 0 10438546 512
33030612 10 0 10438578 512
33358284 10 0 10438609 512
33030597 10 0 10438625 512
32440770 10 0 10438687 512
31588804 10 0 10438718 512
30867915 10 0 10438750 512
30867915 10 0 10438796 514
25100786 10 0 10440046 513
27853308 10 0 10440062 512
29032961 10 0 10440078 512
30147076 10 0 10440093 512
31261192 10 0 10440109 512
32178699 10 0 10440125 512
32506379 10 0 10440171 512
32309769 10 0 10440203 512
31785477 10 0 10440218 512
31064577 10 0 10440265 512
30278143 10 0 10440312 512
29557248 10 0 10440328 512
28836358 10 0 10440343 512
28115469 10 0 10440375 512
27394581 10 0 10440406 512
27197976 10 0 10440484 512
27197976 10 0 10440500 514
34734602 10 0 10440750 513
35652101 10 0 10440750 512
32768532 10 0 10440765 512
32440862 10 0 10440781 512
32506408 10 0 10440796 512
33030706 10 0 10440812 512
33817147 10 0 10440828 512
34734658 10 0 10440843 512
34996807 10 0 10440906 512
34800200 10 0 10440921 512
34800200 10 0 10440953 514
24445519 10 0 10441140 513
27394648 10 0 10441140 512
28312156 10 0 10441156 512
29098591 10 0 10441156 512
30016099 10 0 10441171 512
30933606 10 0 10441203 512
31326822 10 0 10441265 512
31195748 10 0 10441281 512
30671457 10 0 10441296 512
30016097 10 0 10441328 512
29557350 10 0 10441359 512
29295216 10 0 10441390 512
29295228 10 0 10441406 512
29491848 10 0 10441421 512
29426319 10 0 10441500 512
29098640 10 0 10441515 512
28639886 10 0 10441546 512
28377736 10 0 10441562 512
28050055 10 0 10441609 512
27591303 10 0 10441625 512
27067017 10 0 10441640 512
26411660 10 0 10441656 512
25690769 10 0 10441687 512
25232024 10 0 10441765 512
25297567 10 0 10441781 512
25690788 10 0 10441796 512
26346153 10 0 10441812 512
27001518 10 0 10441812 512
27787955 10 0 10441828 512
28771001 10 0 10441843 512
29885119 10 0 10441859 512
30999236 10 0 10441875 512
32178889 10 0 10441890 512
32703180 10 0 10441937 512
32572108 10 0 10441953 512
32572108 10 0 10442000 514
20382386 10 0 10442250 513
21955278 10 0 10442250 512
22479576 10 0 10442265 512
23069408 10 0 10442281 512
23790307 10 0 10442312 512
24511202 10 0 10442328 512
24904421 10 0 10442437 512
25101035 10 0 10442484 512
25494256 10 0 10442500 512
26018549 10 0 10442515 512
26739447 10 0 10442546 512
27591416 10 0 10442578 512
28050171 10 0 10442625 512
27984638 10 0 10442640 512
27591426 10 0 10442656 512
26870533 10 0 10442687 512
26149635 10 0 10442734 512
25363203 10 0 10442765 512
24642310 10 0 10442796 512
23986956 10 0 10442828 512
23462677 10 0 10442859 512
23397148 10 0 10442890 512
23724830 10 0 10442921 512
24249117 10 0 10442937 512
24576798 10 0 10443015 512
24576800 10 0 10443031 512
24249124 10 0 10443046 512
23659304 10 0 10443062 512
22938412 10 0 10443078 512
22676274 10 0 10443140 512
22807351 10 0 10443171 512
23462716 10 0 10443187 512
24314688 10 0 10443187 512
25363267 10 0 10443203 512
26411847 10 0 10443218 512
27460425 10 0 10443250 512
28377931 10 0 10443265 512
28771150 10 0 10443328 512
28443473 10 0 10443343 512
27788113 10 0 10443359 512
27788113 10 0 10443375 514
20251483 10 0 10443578 513
22348643 10 0 10443578 512
23331687 10 0 10443578 512
24380267 10 0 10443593 512
25363311 10 0 10443593 512
26280817 10 0 10443609 512
27198323 10 0 10443609 512
28050293 10 0 10443625 512
28902263 10 0 10443625 512
29754233 10 0 10443640 512
30606203 10 0 10443656 512
31392637 10 0 10443656 512
32179072 10 0 10443671 512
33096580 10 0 10443687 512
34014089 10 0 10443703 512
34800526 10 0 10443718 512
34997140 10 0 10443765 512
34800538 10 0 10443765 512
34276254 10 0 10443781 512
33489826 10 0 10443781 512
32506788 10 0 10443796 512
31392678 10 0 10443796 512
30278568 10 0 10443812 512
29098923 10 0 10443828 512
27853745 10 0 10443843 512
27853745 10 0 10443859 514
