70 140 660 1280
21168527 10 0 10069359 513
24576396 10 0 10069359 512
25624971 10 0 10069359 512
26608012 10 0 10069375 512
27394446 10 0 10069375 512
28115346 10 0 10069390 512
28901783 10 0 10069406 512
29688222 10 0 10069421 512
30212521 10 0 10069453 512
30343605 10 0 10069468 512
30081471 10 0 10069484 512
29426122 10 0 10069500 512
28508624 10 0 10069531 512
27394513 10 0 10069546 512
26149329 10 0 10069562 512
24904143 10 0 10069578 512
23921101 10 0 10069593 512
23921101 10 0 10069687 514
28901790 10 0 10069937 513
27591100 10 0 10069937 512
27197896 10 0 10069937 512
26739154 10 0 10069984 512
26739154 10 0 10070015 514
22872549 10 0 10070203 513
25100787 10 0 10070203 512
26018292 10 0 10070218 512
26935797 10 0 10070234 512
27722230 10 0 10070250 512
28443129 10 0 10070281 512
28705272 10 0 10070343 512
28639735 10 0 10070359 512
28180982 10 0 10070437 512
27656699 10 0 10070468 512
27066883 10 0 10070484 512
26542605 10 0 10070500 512
26149400 10 0 10070515 512
26149403 10 0 10070609 512
26149403 10 0 10070640 514
31457769 10 0 10070812 513
32309728 10 0 10070812 512
33817054 10 0 10070828 512
34734560 10 0 10070843 512
35520997 10 0 10070875 512
35848684 10 0 10070906 512
35717619 10 0 10070921 512
35258873 10 0 10070953 512
34603517 10 0 10070968 512
33882621 10 0 10070984 512
33161722 10 0 10071015 512
32637427 10 0 10071046 512
32309738 10 0 10071062 512
32506337 10 0 10071093 512
32834016 10 0 10071125 512
32834016 10 0 10071156 514
23921238 10 0 10071437 513
23462523 10 0 10071437 512
23593601 10 0 10071500 512
23921280 10 0 10071515 512
24511097 10 0 10071562 512
25231985 10 0 10071562 512
26083946 10 0 10071593 512
26542697 10 0 10071656 512
26673773 10 0 10071671 512
26477175 10 0 10071687 512
26083970 10 0 10071703 512
25625230 10 0 10071750 512
25690772 10 0 10071796 512
26083988 10 0 10071812 512
26608272 10 0 10071843 512
27394700 10 0 10071859 512
28312200 10 0 10071890 512
29229702 10 0 10071906 512
29229702 10 0 10072015 514
27067038 10 0 10072218 513
27722406 10 0 10072234 512
28967615 10 0 10072234 512
29295306 10 0 10072234 512
29164243 10 0 10072281 512
29164243 10 0 10072312 514
23266004 10 0 10072562 513
25625323 10 0 10072562 512
26542833 10 0 10072562 512
27525877 10 0 10072578 512
28443386 10 0 10072593 512
29229822 10 0 10072609 512
30016258 10 0 10072640 512
30212868 10 0 10072687 512
30212868 10 0 10072718 514
27132665 10 0 10073000 513
27132665 10 0 10073000 514
21758749 10 0 10073250 513
24118055 10 0 10073250 512
25166635 10 0 10073265 512
26084142 10 0 10073281 512
27001649 10 0 10073296 512
27853620 10 0 10073312 512
28574521 10 0 10073328 512
29295421 10 0 10073359 512
29295421 10 0 10073484 514
22741869 10 0 10073718 513
24642401 10 0 10073718 512
25625437 10 0 10073734 512
26542939 10 0 10073750 512
27263840 10 0 10073765 512
27394917 10 0 10073859 512
27198314 10 0 10073875 512
26608492 10 0 10073890 512
25887597 10 0 10073906 512
25101163 10 0 10073953 512
24314732 10 0 10073984 512
23659375 10 0 10074000 512
23135094 10 0 10074031 512
22610815 10 0 10074046 512
22086538 10 0 10074062 512
21693334 10 0 10074078 512
21365666 10 0 10074125 512
21496743 10 0 10074187 512
22021031 10 0 10074203 512
22021031 10 0 10074250 514
24970111 10 0 10074421 513
23921582 10 0 10074421 512
23528376 10 0 10074437 512
23069634 10 0 10074453 512
23069634 10 0 10074578 514
20251592 10 0 10074812 513
22807507 10 0 10074828 512
23659477 10 0 10074843 512
24445911 10 0 10074859 512
25232346 10 0 10074875 512
25887707 10 0 10074968 512
25887707 10 0 10075000 514
28836771 10 0 10075218 513
31261606 10 0 10075218 512
32310184 10 0 10075234 512
33227691 10 0 10075250 512
33948592 10 0 10075296 512
34407353 10 0 10075328 512
34603971 10 0 10075343 512
34538447 10 0 10075359 512
34276315 10 0 10075375 512
33948647 10 0 10075390 512
33555442 10 0 10075421 512
33227773 10 0 10075468 512
33227773 10 0 10075562 514
