70 140 660 1280
17039642 10 0 5952531 513
18088212 10 0 5952531 512
19661071 10 0 5952531 512
20709644 10 0 5952531 512
21954827 10 0 5952562 512
23200011 10 0 5952578 512
24314123 10 0 5952578 512
25493771 10 0 5952593 512
26673420 10 0 5952609 512
27721998 10 0 5952625 512
28639504 10 0 5952640 512
29425939 10 0 5952640 512
30343447 10 0 5952656 512
31326492 10 0 5952671 512
32309538 10 0 5952687 512
33358122 10 0 5952703 512
34275634 10 0 5952734 512
34996540 10 0 5952750 512
35455302 10 0 5952765 512
35717456 10 0 5952781 512
35717467 10 0 5952796 512
35520869 10 0 5952812 512
34996591 10 0 5952828 512
34275703 10 0 5952843 512
33423742 10 0 5952859 512
32506245 10 0 5952875 512
31457673 10 0 5952890 512
30343565 10 0 5952921 512
29163920 10 0 5952937 512
27984273 10 0 5952953 512
26739089 10 0 5952968 512
25624975 10 0 5952984 512
24445324 10 0 5953000 512
23462281 10 0 5953015 512
22479236 10 0 5953031 512
21561727 10 0 5953046 512
20775289 10 0 5953062 512
19988850 10 0 5953093 512
19333483 10 0 5953125 512
19005794 10 0 5953140 512
19005784 10 0 5953156 512
19398989 10 0 5953171 512
19398989 10 0 5953203 514
25624848 10 0 5953453 513
26935567 10 0 5953453 512
27197752 10 0 5953453 512
26870086 10 0 5953468 512
26542420 10 0 5953484 512
26280290 10 0 5953515 512
25952625 10 0 5953531 512
25624959 10 0 5953546 512
25428365 10 0 5953562 512
25231770 10 0 5953593 512
24904099 10 0 5953640 512
24904099 10 0 5953671 514
19792321 10 0 5953843 513
22086087 10 0 5953859 512
24052165 10 0 5953875 512
25166274 10 0 5953890 512
25166280 10 0 5953906 512
26149311 10 0 5953921 512
25887180 10 0 5953937 512
26149311 10 0 5953953 512
25952713 10 0 5953968 512
26149311 10 0 5953984 512
26083785 10 0 5954000 512
26018254 10 0 5954015 512
26149311 10 0 5954031 512
26149317 10 0 5954046 512
26149311 10 0 5954062 512
26083778 10 0 5954078 512
26149311 10 0 5954093 512
26149314 10 0 5954109 512
26149311 10 0 5954125 512
26149312 10 0 5954140 512
26149311 10 0 5954156 512
26149312 10 0 5954171 512
26149311 10 0 5954187 512
23331308 10 0 5954203 512
22807029 10 0 5954218 512
22217211 10 0 5954234 512
22217211 10 0 5954265 514
18285058 10 0 5954468 513
20316674 10 0 5954468 512
21299714 10 0 5954468 512
22282753 10 0 5954484 512
23331328 10 0 5954500 512
24445439 10 0 5954515 512
25494013 10 0 5954531 512
26477051 10 0 5954546 512
27460090 10 0 5954578 512
28377595 10 0 5954593 512
29295100 10 0 5954609 512
30212605 10 0 5954625 512
31130109 10 0 5954640 512
31982077 10 0 5954671 512
32834044 10 0 5954703 512
33620476 10 0 5954765 512
34341369 10 0 5954828 512
34341369 10 0 5954859 514
36045288 10 0 5955109 513
34079235 10 0 5955109 512
33686030 10 0 5955125 512
33554969 10 0 5955156 512
33751586 10 0 5955187 512
34210345 10 0 5955203 512
34931247 10 0 5955218 512
35717682 10 0 5955234 512
36635189 10 0 5955250 512
37552694 10 0 5955281 512
38404663 10 0 5955296 512
39256630 10 0 5955312 512
40108597 10 0 5955328 512
41026101 10 0 5955359 512
41943605 10 0 5955390 512
41943605 10 0 5955437 514
17695437 10 0 5955843 513
20251329 10 0 5955843 512
21365436 10 0 5955859 512
22479542 10 0 5955875 512
23659184 10 0 5955890 512
24838826 10 0 5955906 512
25887398 10 0 5955921 512
27001505 10 0 5955937 512
27853467 10 0 5955953 512
28377747 10 0 5956031 512
28312205 10 0 5956046 512
27722379 10 0 5956078 512
26935948 10 0 5956078 512
25952911 10 0 5956125 512
24773268 10 0 5956140 512
23724697 10 0 5956156 512
22676126 10 0 5956171 512
21955236 10 0 5956218 512
21758636 10 0 5956250 512
21889716 10 0 5956265 512
22282940 10 0 5956281 512
22807237 10 0 5956296 512
23331534 10 0 5956312 512
23855832 10 0 5956328 512
24249058 10 0 5956343 512
24642285 10 0 5956359 512
25035511 10 0 5956375 512
25559805 10 0 5956406 512
25559805 10 0 5956437 514
32637519 10 0 5956781 513
32703086 10 0 5956796 512
31523477 10 0 5956812 512
31195811 10 0 5956828 512
30802611 10 0 5956843 512
30409409 10 0 5956859 512
29950673 10 0 5956875 512
29491938 10 0 5956890 512
28967667 10 0 5956906 512
28443395 10 0 5956921 512
28050195 10 0 5956937 512
27656993 10 0 5956953 512
27656993 10 0 5957031 514
34013908 10 0 5957218 513
35521228 10 0 5957218 512
35979978 10 0 5957234 512
36766409 10 0 5957234 512
37552841 10 0 5957250 512
38404810 10 0 5957265 512
39125710 10 0 5957281 512
39846612 10 0 5957312 512
40370908 10 0 5957343 512
40633063 10 0 5957359 512
40502003 10 0 5957390 512
40108799 10 0 5957406 512
39453449 10 0 5957421 512
38732562 10 0 5957437 512
37946136 10 0 5957453 512
37094171 10 0 5957468 512
36111134 10 0 5957500 512
35193630 10 0 5957515 512
34341660 10 0 5957546 512
33620759 10 0 5957562 512
33096463 10 0 5957593 512
32768774 10 0 5957609 512
32637691 10 0 5957640 512
32834287 10 0 5957656 512
33227492 10 0 5957687 512
33948380 10 0 5957703 512
34734807 10 0 5957718 512
35521236 10 0 5957734 512
35521236 10 0 5957765 514
17236878 10 0 5958187 513
19071900 10 0 5958187 512
19923874 10 0 5958203 512
20775848 10 0 5958234 512
21562285 10 0 5958250 512
22283183 10 0 5958312 512
22283183 10 0 5958343 514
26870637 10 0 5958609 513
25559953 10 0 5958609 512
25166749 10 0 5958609 512
24642473 10 0 5958625 512
24052662 10 0 5958656 512
23397314 10 0 5958671 512
22807501 10 0 5958687 512
22545361 10 0 5958750 512
22741969 10 0 5958765 512
23266252 10 0 5958781 512
24052677 10 0 5958796 512
24904637 10 0 5958812 512
25625526 10 0 5958828 512
26543024 10 0 5958843 512
27526059 10 0 5958859 512
28574633 10 0 5958875 512
29623210 10 0 5958890 512
30540716 10 0 5958921 512
31130547 10 0 5958937 512
31458236 10 0 5958953 512
31327174 10 0 5958968 512
30868432 10 0 5958984 512
30213081 10 0 5959015 512
29361119 10 0 5959031 512
28443621 10 0 5959046 512
27526120 10 0 5959062 512
26739688 10 0 5959093 512
26149859 10 0 5959125 512
25756636 10 0 5959140 512
25625554 10 0 5959171 512
25363406 10 0 5959250 512
25035729 10 0 5959265 512
24576984 10 0 5959281 512
23987171 10 0 5959296 512
23397359 10 0 5959312 512
22873083 10 0 5959328 512
22348806 10 0 5959343 512
21890065 10 0 5959375 512
21824533 10 0 5959437 512
21824533 10 0 5959484 514
27919331 10 0 5959687 513
28181491 10 0 5959703 512
26084369 10 0 5959718 512
25363481 10 0 5959734 512
24642592 10 0 5959750 512
23921702 10 0 5959765 512
23135274 10 0 5959781 512
22414381 10 0 5959796 512
21627951 10 0 5959812 512
20907057 10 0 5959828 512
20710449 10 0 5959921 512
20972593 10 0 5959953 512
21627955 10 0 5959968 512
22545460 10 0 5959984 512
23594037 10 0 5960000 512
24708151 10 0 5960015 512
25887799 10 0 5960031 512
27001912 10 0 5960046 512
28116027 10 0 5960062 512
29230142 10 0 5960062 512
30213185 10 0 5960078 512
31196226 10 0 5960109 512
32048195 10 0 5960140 512
32048195 10 0 5960187 514
33358842 10 0 5960453 513
35718143 10 0 5960453 512
36570115 10 0 5960468 512
37422089 10 0 5960500 512
38077457 10 0 5960531 512
38470684 10 0 5960546 512
38601768 10 0 5960562 512
38601780 10 0 5960578 512
38405185 10 0 5960609 512
38077519 10 0 5960625 512
37618781 10 0 5960640 512
37160044 10 0 5960656 512
36766842 10 0 5960671 512
36504711 10 0 5960687 512
36111508 10 0 5960703 512
35652767 10 0 5960718 512
35259561 10 0 5960750 512
34931889 10 0 5960890 512
34735287 10 0 5961031 512
34604218 10 0 5961171 512
34604220 10 0 5961328 512
34604220 10 0 5961390 514
