70 140 660 1280
43778314 10 1498737 14935031 513
43778314 10 1498737 14935031 514
17039764 10 1498737 14946328 513
20251015 10 1498737 14946328 512
20316551 10 1498737 14946328 512
21234051 10 1498737 14946343 512
21234053 10 1498737 14946343 512
22282622 10 1498737 14946343 512
22348159 10 1498737 14946359 512
23331192 10 1498737 14946359 512
23331194 10 1498737 14946359 512
24314227 10 1498737 14946359 512
25297263 10 1498737 14946375 512
25297264 10 1498737 14946375 512
26214764 10 1498737 14946375 512
27001192 10 1498737 14946390 512
27066730 10 1498737 14946390 512
27001192 10 1498737 14946390 512
27918693 10 1498737 14946406 512
27918693 10 1498737 14946484 514
19530207 10 1498737 14946687 513
23331284 10 1498737 14946687 512
24314319 10 1498737 14946703 512
25428426 10 1498737 14946703 512
25428427 10 1498737 14946718 512
26739142 10 1498737 14946718 512
28049859 10 1498737 14946734 512
28180932 10 1498737 14946781 512
28049859 10 1498737 14946781 512
28574146 10 1498737 14946812 512
28639684 10 1498737 14946812 512
28574146 10 1498737 14946828 512
28639682 10 1498737 14946828 512
28574146 10 1498737 14946828 512
28639683 10 1498737 14946843 512
28574146 10 1498737 14946843 512
28639682 10 1498737 14946843 512
28574146 10 1498737 14946859 512
28574146 10 1498737 14946859 514
25756022 10 1498737 14947109 513
24117663 10 1498737 14947125 512
23593390 10 1498737 14947125 512
23069116 10 1498737 14947140 512
22806986 10 1498737 14947156 512
22872533 10 1498737 14947187 512
23200218 10 1498737 14947203 512
23658970 10 1498737 14947218 512
23658970 10 1498737 14947250 514
29819250 10 1498737 14947484 513
28574098 10 1498737 14947484 512
28246430 10 1498737 14947484 512
28049837 10 1498737 14947515 512
27722169 10 1498737 14947531 512
27328964 10 1498737 14947546 512
26935758 10 1498737 14947562 512
26935758 10 1498737 14947593 514
24248792 10 1498737 14947828 513
23396863 10 1498737 14947843 512
23069195 10 1498737 14947859 512
23134739 10 1498737 14947875 512
23134739 10 1498737 14947890 514
27001310 10 1498737 14948093 513
26280452 10 1498737 14948109 512
26280447 10 1498737 14948125 512
26280452 10 1498737 14948140 512
26280445 10 1498737 14948156 512
25887248 10 1498737 14948156 512
25887239 10 1498737 14948156 512
25887248 10 1498737 14948156 512
25887240 10 1498737 14948156 512
25887248 10 1498737 14948156 512
25887240 10 1498737 14948156 512
25428506 10 1498737 14948156 512
25494035 10 1498737 14948156 512
25559569 10 1498737 14948156 512
25428506 10 1498737 14948156 512
25494041 10 1498737 14948156 512
25428506 10 1498737 14948156 512
25428505 10 1498737 14948156 512
25428506 10 1498737 14948156 512
25428506 10 1498737 14948156 514
21037611 10 1498737 14948343 513
22938152 10 1498737 14948343 512
22872619 10 1498737 14948343 512
24052261 10 1498737 14948359 512
24052263 10 1498737 14948359 512
25035298 10 1498737 14948359 512
24969763 10 1498737 14948375 512
26149407 10 1498737 14948375 512
26083872 10 1498737 14948390 512
27263518 10 1498737 14948390 512
28377630 10 1498737 14948406 512
29295131 10 1498737 14948437 512
29295131 10 1498737 14948468 514
30474702 10 1498737 14948656 513
31850954 10 1498737 14948656 512
33096137 10 1498737 14948656 512
34013640 10 1498737 14948671 512
35127752 10 1498737 14948687 512
36241864 10 1498737 14948703 512
37159371 10 1498737 14948734 512
37945809 10 1498737 14948750 512
38470107 10 1498737 14948765 512
38732263 10 1498737 14948781 512
38797814 10 1498737 14948796 512
38732293 10 1498737 14948828 512
38339091 10 1498737 14948843 512
37749279 10 1498737 14948859 512
37749279 10 1498737 14948890 514
25166440 10 1498737 14949203 513
23855763 10 1498737 14949203 512
23397024 10 1498737 14949218 512
23003822 10 1498737 14949234 512
22676156 10 1498737 14949250 512
22741699 10 1498737 14949296 512
23134916 10 1498737 14949296 512
23790271 10 1498737 14949312 512
24511159 10 1498737 14949328 512
25297580 10 1498737 14949328 512
26084001 10 1498737 14949343 512
26870422 10 1498737 14949343 512
27656844 10 1498737 14949359 512
28377730 10 1498737 14949359 512
29098618 10 1498737 14949375 512
29819506 10 1498737 14949390 512
30474859 10 1498737 14949390 512
31130213 10 1498737 14949406 512
31326819 10 1498737 14949453 512
31326819 10 1498737 14949484 514
31064678 10 1498737 14949500 513
30343789 10 1498737 14949500 512
29360759 10 1498737 14949515 512
28508802 10 1498737 14949546 512
28050064 10 1498737 14949562 512
27984540 10 1498737 14949578 512
28377767 10 1498737 14949609 512
28967599 10 1498737 14949625 512
29229751 10 1498737 14949671 512
28967614 10 1498737 14949703 512
28377794 10 1498737 14949718 512
27525828 10 1498737 14949734 512
26870475 10 1498737 14949765 512
26346196 10 1498737 14949781 512
25887454 10 1498737 14949796 512
25494249 10 1498737 14949812 512
25035508 10 1498737 14949828 512
24511231 10 1498737 14949843 512
23921416 10 1498737 14949859 512
23331601 10 1498737 14949890 512
23200535 10 1498737 14949968 512
23462682 10 1498737 14949984 512
24118044 10 1498737 14950000 512
25166620 10 1498737 14950015 512
26215195 10 1498737 14950015 512
27263768 10 1498737 14950031 512
28115733 10 1498737 14950031 512
29098771 10 1498737 14950062 512
30016272 10 1498737 14950078 512
30999310 10 1498737 14950093 512
31916812 10 1498737 14950109 512
32768778 10 1498737 14950140 512
33489670 10 1498737 14950171 512
34210561 10 1498737 14950187 512
34931451 10 1498737 14950203 512
35783413 10 1498737 14950218 512
36766449 10 1498737 14950234 512
37749489 10 1498737 14950250 512
38601461 10 1498737 14950265 512
39256828 10 1498737 14950281 512
39715592 10 1498737 14950296 512
39715603 10 1498737 14950359 512
39387931 10 1498737 14950375 512
38732573 10 1498737 14950390 512
38011674 10 1498737 14950390 512
37290772 10 1498737 14950421 512
36766474 10 1498737 14950437 512
36569854 10 1498737 14950453 512
36766452 10 1498737 14950468 512
37225197 10 1498737 14950484 512
37225197 10 1498737 14950515 514
26411895 10 1498737 14950828 513
25953182 10 1498737 14950843 512
25625517 10 1498737 14950859 512
25297851 10 1498737 14950875 512
24970184 10 1498737 14950890 512
24576973 10 1498737 14950937 512
24511431 10 1498737 14950968 512
24642492 10 1498737 14950984 512
25035693 10 1498737 14951000 512
26280846 10 1498737 14951015 512
27853687 10 1498737 14951031 512
28640111 10 1498737 14951046 512
29426537 10 1498737 14951062 512
30409573 10 1498737 14951062 512
31261541 10 1498737 14951062 512
32047978 10 1498737 14951078 512
32703349 10 1498737 14951093 512
33096579 10 1498737 14951109 512
33358741 10 1498737 14951125 512
33424294 10 1498737 14951156 512
33227700 10 1498737 14951156 512
32768959 10 1498737 14951171 512
32048069 10 1498737 14951203 512
31327175 10 1498737 14951203 512
30671811 10 1498737 14951218 512
30671811 10 1498737 14951250 514
30409571 10 1498737 14951406 513
30278545 10 1498737 14951406 512
30081949 10 1498737 14951406 512
29950888 10 1498737 14951421 512
29819828 10 1498737 14951421 512
29557695 10 1498737 14951437 512
29164490 10 1498737 14951453 512
28574678 10 1498737 14951468 512
28050402 10 1498737 14951468 512
27591660 10 1498737 14951484 512
27067382 10 1498737 14951484 512
26412030 10 1498737 14951500 512
25560070 10 1498737 14951531 512
24577036 10 1498737 14951546 512
23659537 10 1498737 14951562 512
23528467 10 1498737 14951656 512
23790610 10 1498737 14951656 512
24380432 10 1498737 14951671 512
25297932 10 1498737 14951671 512
26280968 10 1498737 14951687 512
27329541 10 1498737 14951687 512
28443650 10 1498737 14951703 512
29557759 10 1498737 14951718 512
30606332 10 1498737 14951718 512
31523833 10 1498737 14951734 512
32441333 10 1498737 14951750 512
33358835 10 1498737 14951765 512
33620981 10 1498737 14951828 512
33489916 10 1498737 14951843 512
32900101 10 1498737 14951859 512
32179214 10 1498737 14951859 512
31392791 10 1498737 14951875 512
30671903 10 1498737 14951875 512
29951015 10 1498737 14951890 512
29230126 10 1498737 14951906 512
28443702 10 1498737 14951906 512
27657276 10 1498737 14951921 512
26805315 10 1498737 14951921 512
25953354 10 1498737 14951937 512
25101393 10 1498737 14951937 512
24380505 10 1498737 14951953 512
23659617 10 1498737 14951953 512
22938727 10 1498737 14951968 512
22283374 10 1498737 14951984 512
21693556 10 1498737 14951984 512
21038202 10 1498737 14952000 512
20317314 10 1498737 14952015 512
19465355 10 1498737 14952031 512
18744467 10 1498737 14952046 512
18351260 10 1498737 14952109 512
18613408 10 1498737 14952125 512
19137697 10 1498737 14952140 512
19858591 10 1498737 14952140 512
20710557 10 1498737 14952156 512
21562520 10 1498737 14952171 512
22545557 10 1498737 14952171 512
23594128 10 1498737 14952187 512
24708234 10 1498737 14952187 512
25953413 10 1498737 14952203 512
27264128 10 1498737 14952203 512
28705916 10 1498737 14952218 512
30147704 10 1498737 14952218 512
31655028 10 1498737 14952234 512
33162352 10 1498737 14952234 512
34669675 10 1498737 14952250 512
36176999 10 1498737 14952265 512
37618786 10 1498737 14952265 512
39191646 10 1498737 14952281 512
40764505 10 1498737 14952281 512
42337365 10 1498737 14952296 512
42337365 10 1498737 14952328 514
