70 140 660 1280
18547080 10 0 2755765 513
21627234 10 0 2755765 512
22610265 10 0 2755781 512
23527762 10 0 2755781 512
24510794 10 0 2755796 512
25428290 10 0 2755796 512
26280251 10 0 2755812 512
27132214 10 0 2755828 512
27656505 10 0 2755859 512
27787582 10 0 2755859 512
27394373 10 0 2755875 512
26673485 10 0 2755890 512
26673485 10 0 2755906 514
18743682 10 0 2756078 513
21037486 10 0 2756078 512
21627321 10 0 2756093 512
22348227 10 0 2756109 512
23003596 10 0 2756125 512
23593429 10 0 2756140 512
24117719 10 0 2756187 512
24117719 10 0 2756203 514
23986596 10 0 2756343 513
24641957 10 0 2756343 512
25821604 10 0 2756343 512
26739110 10 0 2756359 512
27853225 10 0 2756375 512
28901804 10 0 2756390 512
29753772 10 0 2756421 512
29753772 10 0 2756453 514
33292637 10 0 2756593 513
31654288 10 0 2756593 512
31195551 10 0 2756609 512
30736814 10 0 2756609 512
30409149 10 0 2756625 512
30081482 10 0 2756625 512
29819351 10 0 2756640 512
29557221 10 0 2756656 512
29295089 10 0 2756671 512
29229557 10 0 2756718 512
29229557 10 0 2756750 514
33882540 10 0 2756859 513
35193254 10 0 2756859 512
36372895 10 0 2756875 512
37159325 10 0 2756875 512
37945757 10 0 2756890 512
38732191 10 0 2756890 512
39518625 10 0 2756906 512
40370597 10 0 2756937 512
41157037 10 0 2756953 512
41812407 10 0 2756968 512
42271172 10 0 2756984 512
42336721 10 0 2757000 512
42205662 10 0 2757015 512
41746922 10 0 2757031 512
40960501 10 0 2757046 512
39125508 10 0 2757062 512
37159431 10 0 2757078 512
36372997 10 0 2757093 512
35521023 10 0 2757109 512
34800117 10 0 2757125 512
34275815 10 0 2757140 512
34275800 10 0 2757156 512
34931134 10 0 2757171 512
35455412 10 0 2757187 512
36110765 10 0 2757203 512
36110765 10 0 2757250 514
17433241 10 0 2757500 513
19464860 10 0 2757515 512
20382367 10 0 2757531 512
21299873 10 0 2757546 512
22151843 10 0 2757562 512
22151843 10 0 2757578 514
26542675 10 0 2757734 513
25887359 10 0 2757734 512
25494155 10 0 2757734 512
25166487 10 0 2757750 512
24773284 10 0 2757765 512
24511152 10 0 2757765 512
24117950 10 0 2757781 512
23724746 10 0 2757796 512
23331542 10 0 2757812 512
23331542 10 0 2757906 514
26673833 10 0 2757968 513
27394724 10 0 2757968 512
28902040 10 0 2757968 512
28705434 10 0 2757984 512
29557397 10 0 2757984 512
30605969 10 0 2758015 512
31589009 10 0 2758031 512
32440982 10 0 2758046 512
33096352 10 0 2758062 512
33292974 10 0 2758078 512
33161915 10 0 2758078 512
32768710 10 0 2758093 512
32113362 10 0 2758109 512
31392475 10 0 2758125 512
30606050 10 0 2758140 512
29754085 10 0 2758156 512
28967653 10 0 2758171 512
28246750 10 0 2758187 512
27853522 10 0 2758203 512
27787970 10 0 2758218 512
27853491 10 0 2758234 512
28246693 10 0 2758250 512
28246693 10 0 2758296 514
37159569 10 0 2758437 513
37487258 10 0 2758437 512
37487292 10 0 2758437 512
37225162 10 0 2758453 512
36766423 10 0 2758468 512
36307684 10 0 2758468 512
35783408 10 0 2758484 512
35193595 10 0 2758484 512
34669318 10 0 2758500 512
34079504 10 0 2758500 512
33424152 10 0 2758515 512
32703263 10 0 2758515 512
31982372 10 0 2758531 512
31982372 10 0 2758562 514
21627715 10 0 2758718 513
24380228 10 0 2758718 512
25428804 10 0 2758718 512
26608453 10 0 2758734 512
27853639 10 0 2758734 512
29098825 10 0 2758750 512
30344011 10 0 2758765 512
31589197 10 0 2758765 512
32637774 10 0 2758781 512
33555280 10 0 2758781 512
34538323 10 0 2758796 512
35521365 10 0 2758812 512
35521365 10 0 2758875 514
22741913 10 0 2759062 513
21955527 10 0 2759062 512
21693396 10 0 2759078 512
21431264 10 0 2759078 512
21234670 10 0 2759093 512
21038075 10 0 2759109 512
20972541 10 0 2759171 512
20972541 10 0 2759203 514
22217646 10 0 2759343 513
25363351 10 0 2759343 512
26215316 10 0 2759343 512
27132819 10 0 2759359 512
27984789 10 0 2759375 512
28836760 10 0 2759421 512
29361055 10 0 2759437 512
29688747 10 0 2759453 512
29885368 10 0 2759453 512
29885380 10 0 2759468 512
29754321 10 0 2759468 512
29492190 10 0 2759484 512
29164522 10 0 2759484 512
28705780 10 0 2759500 512
28181503 10 0 2759515 512
27722761 10 0 2759515 512
27329555 10 0 2759531 512
27395099 10 0 2759625 512
27984927 10 0 2759640 512
28836896 10 0 2759656 512
29688861 10 0 2759656 512
30671897 10 0 2759671 512
31523858 10 0 2759671 512
32375818 10 0 2759687 512
33227776 10 0 2759703 512
34014199 10 0 2759703 512
34735085 10 0 2759718 512
35455972 10 0 2759718 512
36111324 10 0 2759734 512
36766675 10 0 2759750 512
37159889 10 0 2759843 512
37290964 10 0 2759859 512
37028838 10 0 2759875 512
36635636 10 0 2759890 512
35914772 10 0 2759906 512
35324981 10 0 2759921 512
35128387 10 0 2759937 512
34931794 10 0 2759953 512
34735199 10 0 2759968 512
34210920 10 0 2760000 512
34210920 10 0 2760015 514
