70 140 660 1280
23265774 10 0 8412015 513
25493975 10 0 8412015 512
26280398 10 0 8412031 512
27132358 10 0 8412046 512
27918784 10 0 8412062 512
28705211 10 0 8412093 512
29032891 10 0 8412140 512
29032891 10 0 8412187 514
25297388 10 0 8412453 513
26018307 10 0 8412453 512
26280461 10 0 8412453 512
26214934 10 0 8412484 512
26214934 10 0 8412500 514
21824045 10 0 8412687 513
23724594 10 0 8412687 512
24707635 10 0 8412687 512
25690675 10 0 8412703 512
26608177 10 0 8412734 512
27525680 10 0 8412765 512
27525680 10 0 8412859 514
28639762 10 0 8413093 513
29491730 10 0 8413093 512
30867991 10 0 8413093 512
31457820 10 0 8413109 512
31916580 10 0 8413140 512
32113198 10 0 8413171 512
32047673 10 0 8413187 512
31720004 10 0 8413203 512
31195726 10 0 8413218 512
31195726 10 0 8413250 514
24248933 10 0 8413515 513
23200393 10 0 8413515 512
22676115 10 0 8413531 512
22151836 10 0 8413546 512
22020765 10 0 8413593 512
22282907 10 0 8413593 512
22610580 10 0 8413609 512
23134858 10 0 8413625 512
23855744 10 0 8413656 512
24642167 10 0 8413671 512
25428596 10 0 8413703 512
26018424 10 0 8413734 512
26346113 10 0 8413750 512
26215053 10 0 8413765 512
25952921 10 0 8413796 512
26084001 10 0 8413843 512
26477220 10 0 8413859 512
27067041 10 0 8413875 512
27787930 10 0 8413875 512
28443282 10 0 8413890 512
29229706 10 0 8413906 512
30016132 10 0 8413921 512
30868099 10 0 8413937 512
31654533 10 0 8413953 512
32178828 10 0 8413968 512
32506518 10 0 8413984 512
32637603 10 0 8414000 512
32375472 10 0 8414046 512
31916732 10 0 8414062 512
31326917 10 0 8414078 512
30606025 10 0 8414109 512
30147270 10 0 8414140 512
30147262 10 0 8414156 512
30343861 10 0 8414171 512
30474929 10 0 8414265 512
30474929 10 0 8414296 514
22348520 10 0 8414640 513
22348520 10 0 8414656 514
26542813 10 0 8414828 513
25887485 10 0 8414828 512
25756426 10 0 8414843 512
25821972 10 0 8414906 512
26149656 10 0 8414921 512
26608405 10 0 8414953 512
27001612 10 0 8414968 512
27067139 10 0 8415031 512
27198205 10 0 8415125 512
27591418 10 0 8415140 512
28246776 10 0 8415156 512
29033205 10 0 8415171 512
29819638 10 0 8415218 512
30278396 10 0 8415234 512
30343940 10 0 8415250 512
30016268 10 0 8415281 512
29491990 10 0 8415296 512
28836642 10 0 8415312 512
28115754 10 0 8415328 512
27329328 10 0 8415359 512
26542901 10 0 8415390 512
26346294 10 0 8415453 512
26542902 10 0 8415468 512
27132725 10 0 8415484 512
27919158 10 0 8415500 512
28771129 10 0 8415515 512
29557564 10 0 8415546 512
29819710 10 0 8415640 512
29623105 10 0 8415671 512
29229894 10 0 8415687 512
28574539 10 0 8415703 512
27853652 10 0 8415718 512
27198304 10 0 8415734 512
26608492 10 0 8415750 512
25953144 10 0 8415765 512
25494404 10 0 8415796 512
25232268 10 0 8415937 512
25101202 10 0 8416078 512
25101202 10 0 8416203 514
