70 140 660 1280
32374960 10 13217535 15146171 513
30343368 10 13217535 15146171 512
29360335 10 13217535 15146171 512
28377302 10 13217535 15146203 512
27525340 10 13217535 15146203 512
26804451 10 13217535 15146218 512
25952491 10 13217535 15146234 512
24969459 10 13217535 15146250 512
23986428 10 13217535 15146265 512
23003396 10 13217535 15146281 512
22020365 10 13217535 15146296 512
21102869 10 13217535 15146312 512
20250909 10 13217535 15146328 512
19398949 10 13217535 15146359 512
18678060 10 13217535 15146390 512
18022707 10 13217535 15146421 512
17563960 10 13217535 15146546 512
17563960 10 13217535 15146656 514
23724283 10 13217535 15146984 513
25624845 10 13217535 15146984 512
26411283 10 13217535 15146984 512
27197724 10 13217535 15147000 512
27918628 10 13217535 15147015 512
28573996 10 13217535 15147031 512
29163827 10 13217535 15147046 512
29819194 10 13217535 15147078 512
30474561 10 13217535 15147109 512
30474561 10 13217535 15147156 514
17957272 10 13217535 15147515 513
18612635 10 13217535 15147531 512
21103003 10 13217535 15147546 512
22151578 10 13217535 15147562 512
24379799 10 13217535 15147578 512
25493909 10 13217535 15147593 512
26542484 10 13217535 15147609 512
27459988 10 13217535 15147625 512
28311956 10 13217535 15147640 512
29163924 10 13217535 15147656 512
30081428 10 13217535 15147671 512
30998932 10 13217535 15147687 512
31785361 10 13217535 15147750 512
31785361 10 13217535 15147781 514
33030407 10 2588671 15150156 513
35258624 10 2588671 15150156 512
36241662 10 2588671 15150171 512
37290236 10 62207 15150187 512
38273273 10 62207 15150203 512
39125239 10 62207 15150218 512
39846137 10 1498737 15150265 512
40304896 10 1498737 15150281 512
40567052 10 6471182 15150312 512
40698138 10 6471182 15150328 512
40763688 10 6471182 15150343 512
40698167 10 6471182 15150359 512
40501574 10 16759319 15150406 512
40370517 10 16759319 15150421 512
40239461 10 14253376 15150453 512
40108403 10 14253376 15150468 512
39977347 10 14253376 15150500 512
39846289 10 10766755 15150515 512
39715230 10 10766755 15150562 512
39649708 10 13217535 15150578 512
39649708 10 3550702 15150656 514
17891953 10 3550702 15151218 513
16974420 10 3550702 15151218 512
17236553 10 3550702 15151234 512
17760830 10 2588671 15151265 512
18416181 10 2588671 15151281 512
19071533 10 2588671 15151296 512
19923495 10 62207 15151328 512
20775459 10 62207 15151343 512
21561887 10 62207 15151359 512
22348318 10 1498737 15151375 512
23134751 10 1498737 15151406 512
23921186 10 6471182 15151437 512
24642088 10 6471182 15151453 512
25297457 10 16759319 15151500 512
25821756 10 16759319 15151515 512
26083913 10 16759319 15151546 512
26215000 10 14253376 15151562 512
26083942 10 14253376 15151593 512
25821812 10 14253376 15151609 512
25494145 10 10766755 15151640 512
24969867 10 10766755 15151656 512
24445588 10 10766755 15151671 512
23855771 10 13217535 15151687 512
23200417 10 13217535 15151718 512
22545060 10 13217535 15151734 512
21824166 10 3550702 15151750 512
21037733 10 3550702 15151796 512
20251298 10 2588671 15151812 512
19530396 10 2588671 15151843 512
18809493 10 62207 15151875 512
18285196 10 62207 15151906 512
17957505 10 1498737 15151937 512
17826422 10 1498737 15151968 512
17760874 10 6471182 15152000 512
17760874 10 16759319 15152078 514
30671339 10 62207 15152484 513
30409224 10 62207 15152484 512
30212629 10 1498737 15152500 512
30016034 10 1498737 15152515 512
29819440 10 1498737 15152531 512
29622846 10 1498737 15152546 512
29491788 10 6471182 15152562 512
29229658 10 6471182 15152578 512
29033064 10 6471182 15152593 512
28967542 10 16759319 15152625 512
28836484 10 16759319 15152640 512
28639890 10 16759319 15152656 512
28443297 10 16759319 15152671 512
28246703 10 14253376 15152687 512
28181171 10 13217535 15152828 512
28181171 10 13217535 15152859 514
29295226 10 1498737 15153078 513
31064686 10 1498737 15153078 512
31785579 10 1498737 15153078 512
32572009 10 1498737 15153093 512
33358440 10 6471182 15153125 512
34144870 10 6471182 15153171 512
34996838 10 16759319 15153218 512
35258982 10 14253376 15153281 512
35127911 10 14253376 15153312 512
34669163 10 10766755 15153343 512
34275954 10 13217535 15153421 512
33817212 10 3550702 15153468 512
33489544 10 3550702 15153484 512
33227411 10 3550702 15153500 512
32899743 10 2588671 15153515 512
32506538 10 2588671 15153531 512
32244404 10 2588671 15153562 512
32047808 10 62207 15153593 512
31785675 10 62207 15153609 512
31458005 10 1498737 15153687 512
31458005 10 6471182 15153734 514
21955300 10 2588671 15154062 513
24773343 10 2588671 15154062 512
25690848 10 2588671 15154078 512
26673887 10 2588671 15154093 512
27656925 10 2588671 15154109 512
28639962 10 62207 15154125 512
29688537 10 62207 15154140 512
30671576 10 62207 15154156 512
31523544 10 62207 15154171 512
32441048 10 1498737 15154187 512
33293015 10 1498737 15154234 512
34079446 10 6471182 15154250 512
34734803 10 16759319 15154312 512
34734803 10 16759319 15154359 514
35586708 10 2588671 15154625 513
37945999 10 2588671 15154625 512
38797965 10 2588671 15154625 512
39584396 10 2588671 15154656 512
40436364 10 62207 15154687 512
40960657 10 1498737 15154750 512
41288345 10 1498737 15154765 512
41419429 10 1498737 15154781 512
41419443 10 1498737 15154796 512
41353922 10 6471182 15154812 512
41157329 10 6471182 15154828 512
40960737 10 6471182 15154843 512
40698610 10 16759319 15154875 512
40502019 10 16759319 15154890 512
40239891 10 16759319 15154906 512
40043299 10 14253376 15154937 512
39977775 10 13217535 15155078 512
39715637 10 3550702 15155156 512
39715637 10 2588671 15155187 514
17826599 10 13217535 15156218 513
17236768 10 13217535 15156234 512
16909134 10 13217535 15156250 512
16843612 10 13217535 15156265 512
16778090 10 13217535 15156281 512
16778105 10 3550702 15156296 512
16712583 10 3550702 15156312 512
16647060 10 2588671 15156343 512
16909213 10 1498737 15156453 512
17302431 10 1498737 15156484 512
17892251 10 1498737 15156500 512
18613138 10 6471182 15156515 512
19399558 10 6471182 15156531 512
20120443 10 6471182 15156546 512
20972399 10 6471182 15156562 512
21824356 10 16759319 15156578 512
22807384 10 16759319 15156593 512
23724878 10 16759319 15156609 512
24511300 10 16759319 15156625 512
25232188 10 14253376 15156640 512
25887538 10 14253376 15156656 512
26477353 10 14253376 15156671 512
27067171 10 10766755 15156703 512
27067171 10 13217535 15156796 514
20775775 10 6471182 15157078 513
22020991 10 6471182 15157078 512
22479753 10 6471182 15157093 512
22938515 10 16759319 15157125 512
23462812 10 14253376 15157187 512
23462812 10 10766755 15157250 514
24642406 10 62207 15157546 513
26542958 10 62207 15157546 512
27329389 10 1498737 15157562 512
28115819 10 1498737 15157593 512
28509030 10 6471182 15157656 512
28509030 10 16759319 15157687 514
30147337 10 13217535 15157921 513
29754156 10 13217535 15157921 512
29557562 10 3550702 15157937 512
29360968 10 3550702 15157953 512
29229911 10 3550702 15157968 512
29033317 10 3550702 15157984 512
28902260 10 2588671 15158000 512
28836738 10 2588671 15158015 512
28705679 10 2588671 15158031 512
28509084 10 2588671 15158046 512
28312489 10 62207 15158078 512
28115893 10 62207 15158093 512
28050361 10 1498737 15158171 512
28050361 10 6471182 15158203 514
32637814 10 2588671 15158593 513
33686355 10 2588671 15158593 512
34341706 10 2588671 15158609 512
35062595 10 62207 15158625 512
35783487 10 62207 15158640 512
36569917 10 62207 15158671 512
37421884 10 1498737 15158703 512
38273852 10 1498737 15158718 512
39060287 10 1498737 15158734 512
39650119 10 6471182 15158750 512
40239952 10 16759319 15158812 512
40698715 10 16759319 15158828 512
40829800 10 14253376 15158875 512
40764278 10 14253376 15158890 512
40502146 10 10766755 15158937 512
39977869 10 10766755 15158968 512
39256982 10 10766755 15158984 512
38536092 10 13217535 15159000 512
37684129 10 13217535 15159015 512
36897699 10 13217535 15159046 512
36111267 10 3550702 15159062 512
35390367 10 3550702 15159078 512
34735001 10 3550702 15159125 512
34145169 10 2588671 15159140 512
33620872 10 2588671 15159171 512
33293181 10 62207 15159203 512
33031026 10 62207 15159234 512
33031026 10 6471182 15159328 514
17040416 10 1498737 15159843 513
19137560 10 1498737 15159843 512
19989528 10 1498737 15159859 512
20841495 10 6471182 15159875 512
21627928 10 6471182 15159906 512
21627928 10 14253376 15160000 514
16254128 10 6471182 15160484 513
18744494 10 6471182 15160484 512
19596460 10 16759319 15160515 512
20513963 10 16759319 15160531 512
21234855 10 14253376 15160593 512
21234855 10 10766755 15160625 514
23528429 10 10766755 15161218 513
25822186 10 10766755 15161218 512
26674152 10 10766755 15161234 512
27526120 10 13217535 15161250 512
28443625 10 13217535 15161281 512
29295594 10 13217535 15161296 512
30082027 10 3550702 15161328 512
30999534 10 3550702 15161343 512
31851506 10 2588671 15161375 512
32637943 10 2588671 15161406 512
33293311 10 2588671 15161421 512
33817608 10 62207 15161437 512
34341907 10 62207 15161468 512
34735135 10 62207 15161484 512
34997290 10 1498737 15161500 512
35193911 10 1498737 15161531 512
35390532 10 1498737 15161546 512
35456081 10 6471182 15161578 512
35521630 10 6471182 15161593 512
35587180 10 6471182 15161609 512
35456120 10 16759319 15161625 512
35325059 10 16759319 15161656 512
35062928 10 16759319 15161671 512
34669723 10 14253376 15161687 512
34276517 10 14253376 15161703 512
33948849 10 10766755 15161750 512
33555644 10 10766755 15161765 512
33096901 10 10766755 15161781 512
32572622 10 13217535 15161812 512
32113879 10 13217535 15161843 512
31524062 10 3550702 15161875 512
30868709 10 3550702 15161906 512
30213355 10 3550702 15161921 512
29426927 10 2588671 15161968 512
28640497 10 62207 15162015 512
27854065 10 62207 15162046 512
27067635 10 1498737 15162078 512
26346740 10 1498737 15162109 512
25560308 10 6471182 15162140 512
24839411 10 16759319 15162218 512
24184048 10 14253376 15162265 512
23725294 10 13217535 15162421 512
23463149 10 2588671 15162562 512
23332076 10 6471182 15162687 512
23266540 10 14253376 15162843 512
23266540 10 10766755 15162906 514
