70 140 660 1280
23593218 10 14253376 10463703 513
24445178 10 14253376 10463703 512
25624823 10 14253376 10463718 512
26280187 10 14253376 10463718 512
26804484 10 10766755 10463750 512
26870031 10 10766755 10463765 512
26673434 10 10766755 10463781 512
26083620 10 13217535 10463796 512
25231659 10 13217535 10463812 512
24314159 10 13217535 10463828 512
23527723 10 3550702 10463859 512
23331106 10 3550702 10463875 512
23462168 10 3550702 10463875 512
23986445 10 3550702 10463890 512
24641796 10 3550702 10463906 512
24641796 10 2588671 10463953 514
27132207 10 6471182 10464125 513
29753635 10 6471182 10464125 512
30605596 10 6471182 10464140 512
31260954 10 16759319 10464203 512
31588638 10 16759319 10464218 512
31719719 10 14253376 10464250 512
31523123 10 14253376 10464265 512
30998845 10 14253376 10464281 512
30998845 10 10766755 10464312 514
27853162 10 3550702 10464453 513
27197833 10 3550702 10464453 512
27197833 10 2588671 10464484 514
27853184 10 62207 10464593 513
29294966 10 62207 10464593 512
29622647 10 1498737 10464609 512
30212474 10 1498737 10464625 512
30605698 10 1498737 10464656 512
30671243 10 6471182 10464671 512
30343573 10 6471182 10464687 512
29557149 10 6471182 10464703 512
28770725 10 6471182 10464703 512
27984301 10 6471182 10464718 512
27263412 10 16759319 10464734 512
27066810 10 16759319 10464781 512
27460028 10 14253376 10464796 512
28311995 10 14253376 10464812 512
29360569 10 14253376 10464828 512
30409144 10 14253376 10464843 512
31064508 10 10766755 10464875 512
31130049 10 10766755 10464875 512
30867911 10 10766755 10464890 512
30409165 10 10766755 10464890 512
29819347 10 10766755 10464906 512
29163994 10 13217535 10464921 512
28508642 10 13217535 10464921 512
27853291 10 13217535 10464937 512
27132402 10 13217535 10464953 512
26477051 10 13217535 10464968 512
26280447 10 2588671 10465046 512
26542596 10 2588671 10465062 512
26935817 10 2588671 10465062 512
27460111 10 2588671 10465078 512
27787800 10 62207 10465109 512
27853348 10 62207 10465125 512
27591212 10 62207 10465140 512
27001394 10 62207 10465156 512
26477106 10 1498737 10465203 512
26280492 10 1498737 10465218 512
26477092 10 6471182 10465234 512
26477092 10 6471182 10465281 514
31064585 10 14253376 10465406 513
31851028 10 14253376 10465406 512
31588919 10 14253376 10465406 512
31392324 10 10766755 10465421 512
31261264 10 10766755 10465437 512
31523415 10 10766755 10465468 512
32047706 10 10766755 10465468 512
32703065 10 13217535 10465484 512
33489495 10 13217535 10465484 512
34341465 10 13217535 10465500 512
34931294 10 13217535 10465515 512
35324519 10 13217535 10465515 512
35455603 10 13217535 10465531 512
35324543 10 3550702 10465546 512
35062413 10 3550702 10465546 512
34669212 10 3550702 10465562 512
34079405 10 3550702 10465562 512
33358526 10 3550702 10465578 512
32375505 10 3550702 10465578 512
31392485 10 3550702 10465593 512
31392485 10 2588671 10465625 514
