70 140 660 1280
25166162 10 1498737 14336671 513
27394392 10 1498737 14336671 512
28115291 10 1498737 14336687 512
28770656 10 6471182 14336703 512
29229416 10 6471182 14336750 512
29294960 10 16759319 14336765 512
28967289 10 16759319 14336796 512
28377472 10 16759319 14336812 512
27722118 10 14253376 14336828 512
26935689 10 14253376 14336843 512
26149258 10 14253376 14336875 512
25559432 10 13217535 14337000 512
25559432 10 3550702 14337015 514
27394405 10 6471182 14337281 513
26739074 10 6471182 14337281 512
26739074 10 6471182 14337296 514
23921058 10 13217535 14337562 513
26411433 10 13217535 14337562 512
27197867 10 3550702 14337593 512
27918765 10 2588671 14337640 512
28180910 10 2588671 14337687 512
28115375 10 62207 14337718 512
27787700 10 6471182 14337828 512
27328955 10 6471182 14337859 512
26804675 10 16759319 14337906 512
26804675 10 10766755 14338031 514
31326599 10 62207 14338312 513
30867878 10 62207 14338328 512
30474673 10 62207 14338343 512
30212540 10 62207 14338359 512
30081479 10 1498737 14338390 512
30147027 10 6471182 14338421 512
30409179 10 6471182 14338437 512
30933474 10 16759319 14338468 512
31654375 10 16759319 14338500 512
32440810 10 14253376 14338531 512
32440810 10 10766755 14338625 514
26346013 10 16759319 14339031 513
25625151 10 16759319 14339031 512
25690698 10 16759319 14339046 512
26083921 10 16759319 14339062 512
26608214 10 14253376 14339078 512
27263575 10 14253376 14339109 512
28115542 10 10766755 14339140 512
28312149 10 13217535 14339218 512
28181078 10 13217535 14339250 512
27722327 10 3550702 14339281 512
27066971 10 2588671 14339359 512
26477155 10 62207 14339390 512
26083949 10 62207 14339421 512
25690744 10 62207 14339437 512
25690748 10 6471182 14339546 512
26018426 10 16759319 14339593 512
26542706 10 16759319 14339609 512
27001455 10 14253376 14339671 512
27263601 10 10766755 14339703 512
27198071 10 10766755 14339734 512
27067009 10 10766755 14339750 512
26608265 10 13217535 14339812 512
26018444 10 3550702 14339843 512
25821838 10 62207 14339968 512
26018447 10 62207 14340000 512
26411664 10 1498737 14340046 512
27067024 10 6471182 14340125 512
27787917 10 16759319 14340171 512
28377735 10 16759319 14340203 512
29033088 10 14253376 14340218 512
29491838 10 13217535 14340328 512
29688450 10 13217535 14340343 512
29688458 10 13217535 14340359 512
29491860 10 13217535 14340375 512
29164192 10 3550702 14340406 512
28770988 10 3550702 14340437 512
28902071 10 2588671 14340453 512
29229759 10 2588671 14340468 512
29885125 10 62207 14340515 512
30737094 10 62207 14340531 512
31654597 10 1498737 14340609 512
32506563 10 1498737 14340625 512
32637634 10 6471182 14340640 512
32637634 10 6471182 14340671 514
25363202 10 6471182 14341218 513
25232172 10 6471182 14341234 512
25035579 10 6471182 14341250 512
24838986 10 6471182 14341265 512
24642391 10 16759319 14341281 512
24511323 10 16759319 14341328 512
24511323 10 14253376 14341375 514
25232166 10 62207 14341656 513
26149676 10 62207 14341656 512
27001655 10 62207 14341656 512
26936125 10 62207 14341687 512
26411844 10 1498737 14341718 512
26084171 10 6471182 14341812 512
26149714 10 16759319 14341828 512
26542933 10 16759319 14341875 512
26936147 10 10766755 14341968 512
26936147 10 13217535 14342015 514
28377880 10 62207 14342218 513
28115773 10 62207 14342218 512
28050251 10 62207 14342234 512
27919191 10 62207 14342250 512
27722595 10 1498737 14342296 512
27591528 10 6471182 14342375 512
27591528 10 16759319 14342406 514
27657027 10 3550702 14342671 513
29492038 10 3550702 14342671 512
30212936 10 2588671 14342703 512
30868299 10 62207 14342765 512
31195977 10 62207 14342812 512
31195977 10 1498737 14342843 514
32506648 10 14253376 14343031 513
32441153 10 14253376 14343031 512
32179026 10 14253376 14343046 512
31851363 10 14253376 14343062 512
31523700 10 10766755 14343078 512
31261571 10 10766755 14343093 512
31064976 10 10766755 14343125 512
31064976 10 3550702 14343234 514
