70 140 660 1280
13828397 10 62207 8469015 513
13304099 10 62207 8469015 512
13959419 10 62207 8469015 512
14549232 10 62207 8469046 512
15270116 10 62207 8469062 512
16711889 10 62207 8469078 512
17498313 10 62207 8469093 512
19267771 10 62207 8469109 512
21168305 10 62207 8469125 512
22937772 10 62207 8469140 512
24051884 10 62207 8469156 512
25886897 10 62207 8469171 512
26804408 10 62207 8469187 512
27590849 10 62207 8469203 512
28180682 10 62207 8469218 512
29294820 10 62207 8469234 512
29884668 10 62207 8469250 512
29950216 10 62207 8469265 512
29819168 10 62207 8469281 512
29491513 10 62207 8469296 512
28836176 10 62207 8469312 512
28049767 10 62207 8469328 512
27001212 10 62207 8469343 512
26411397 10 62207 8469359 512
25100692 10 62207 8469375 512
23658911 10 62207 8469390 512
22544803 10 62207 8469406 512
21168550 10 62207 8469421 512
19988903 10 62207 8469421 512
18612646 10 62207 8469437 512
17236385 10 62207 8469453 512
16187802 10 62207 8469468 512
15335825 10 62207 8469484 512
14549385 10 62207 8469500 512
13304181 10 62207 8469515 512
12779880 10 62207 8469531 512
12452185 10 62207 8469546 512
12386632 10 62207 8469562 512
12648758 10 62207 8469578 512
13238565 10 62207 8469593 512
13238565 10 62207 8469625 514
38338695 10 62207 8469937 513
37552320 10 62207 8469937 512
37093583 10 62207 8469937 512
36634847 10 62207 8469953 512
36110575 10 62207 8469953 512
35651840 10 62207 8469968 512
35258641 10 62207 8469968 512
34799906 10 62207 8469984 512
34472244 10 62207 8470000 512
34144580 10 62207 8470000 512
33882451 10 62207 8470015 512
33620322 10 62207 8470015 512
33358192 10 62207 8470031 512
33161597 10 62207 8470031 512
32965004 10 62207 8470046 512
32965004 10 62207 8470109 514
36241704 10 62207 8470296 513
37880101 10 62207 8470296 512
39452967 10 62207 8470296 512
40436008 10 62207 8470312 512
41353513 10 62207 8470312 512
42402091 10 62207 8470328 512
43516205 10 62207 8470343 512
44564782 10 62207 8470375 512
44892465 10 62207 8470406 512
44761396 10 62207 8470421 512
44761396 10 62207 8470453 514
32964960 10 62207 8470656 513
36372847 10 62207 8470656 512
37224818 10 62207 8470656 512
38076789 10 62207 8470671 512
38994297 10 62207 8470671 512
39911804 10 62207 8470687 512
40829310 10 62207 8470687 512
41746816 10 62207 8470703 512
42664321 10 62207 8470718 512
43516291 10 62207 8470718 512
44368262 10 62207 8470734 512
45154696 10 62207 8470734 512
45744526 10 62207 8470765 512
45744526 10 62207 8470796 514
23265849 10 62207 8471046 513
23659052 10 62207 8471046 512
26214935 10 62207 8471046 512
27197971 10 62207 8471062 512
28246543 10 62207 8471062 512
29360652 10 62207 8471078 512
30474762 10 62207 8471078 512
31588873 10 62207 8471093 512
32637450 10 62207 8471109 512
33686027 10 62207 8471109 512
34734607 10 62207 8471125 512
35717651 10 62207 8471125 512
36635162 10 62207 8471140 512
37487137 10 62207 8471140 512
38208042 10 62207 8471156 512
38797876 10 62207 8471156 512
39256638 10 62207 8471171 512
39584329 10 62207 8471171 512
39715412 10 62207 8471187 512
39780959 10 62207 8471203 512
39649897 10 62207 8471203 512
39387764 10 62207 8471218 512
38994558 10 62207 8471218 512
38470279 10 62207 8471234 512
37880463 10 62207 8471234 512
37094039 10 62207 8471250 512
36307614 10 62207 8471250 512
35324580 10 62207 8471265 512
34341544 10 62207 8471265 512
33292971 10 62207 8471281 512
32244398 10 62207 8471296 512
31195824 10 62207 8471296 512
30212784 10 62207 8471312 512
29229742 10 62207 8471312 512
28181163 10 62207 8471328 512
27198120 10 62207 8471328 512
26346148 10 62207 8471343 512
25494175 10 62207 8471343 512
24773272 10 62207 8471359 512
24052368 10 62207 8471359 512
23462536 10 62207 8471375 512
23003774 10 62207 8471390 512
22545009 10 62207 8471406 512
22086243 10 62207 8471421 512
21758549 10 62207 8471437 512
21627471 10 62207 8471515 512
21561940 10 62207 8471531 512
21627486 10 62207 8471531 512
21561963 10 62207 8471546 512
21496441 10 62207 8471546 512
21496441 10 62207 8471578 514
24576698 10 62207 8471796 513
24052453 10 62207 8471796 512
23790322 10 62207 8471796 512
23659265 10 62207 8471812 512
23593743 10 62207 8471828 512
23593743 10 62207 8471890 514
28705499 10 62207 8472093 513
28639976 10 62207 8472109 512
28181250 10 62207 8472125 512
28181250 10 62207 8472140 514
20054831 10 62207 8472281 513
21365550 10 62207 8472296 512
25494323 10 62207 8472312 512
27853620 10 62207 8472328 512
30343989 10 62207 8472343 512
32834357 10 62207 8472359 512
33948469 10 62207 8472375 512
35783477 10 62207 8472390 512
36635446 10 62207 8472406 512
36700983 10 62207 8472421 512
36242232 10 62207 8472437 512
35324731 10 62207 8472437 512
35324731 10 62207 8472468 514
14353264 10 62207 8472640 513
17957757 10 62207 8472640 512
19071871 10 62207 8472656 512
20251520 10 62207 8472656 512
21496704 10 62207 8472671 512
22938496 10 62207 8472671 512
24380289 10 62207 8472687 512
25887617 10 62207 8472703 512
27394945 10 62207 8472703 512
28902273 10 62207 8472718 512
30409600 10 62207 8472718 512
31916928 10 62207 8472734 512
33358720 10 62207 8472734 512
34734977 10 62207 8472750 512
36045697 10 62207 8472750 512
37225346 10 62207 8472765 512
38208388 10 62207 8472781 512
39125894 10 62207 8472796 512
39453578 10 62207 8472812 512
39388048 10 62207 8472828 512
38863766 10 62207 8472828 512
37946269 10 62207 8472843 512
36766629 10 62207 8472843 512
36766629 10 62207 8472875 514
15139868 10 62207 8473046 513
14812172 10 62207 8473046 512
16122860 10 62207 8473062 512
16974822 10 62207 8473062 512
17826786 10 62207 8473078 512
18744289 10 62207 8473093 512
19661794 10 62207 8473093 512
20448229 10 62207 8473109 512
21103594 10 62207 8473109 512
21693424 10 62207 8473125 512
22086649 10 62207 8473125 512
22479874 10 62207 8473140 512
22742030 10 62207 8473140 512
22938650 10 62207 8473156 512
23069736 10 62207 8473156 512
23004213 10 62207 8473171 512
22807618 10 62207 8473187 512
22545486 10 62207 8473187 512
22152281 10 62207 8473203 512
21759076 10 62207 8473203 512
21234796 10 62207 8473218 512
20448372 10 62207 8473234 512
19465337 10 62207 8473250 512
18547834 10 62207 8473250 512
17695864 10 62207 8473265 512
16974962 10 62207 8473281 512
16319593 10 62207 8473281 512
15795294 10 62207 8473296 512
15336530 10 62207 8473296 512
15008836 10 62207 8473312 512
14812209 10 62207 8473328 512
14812187 10 62207 8473343 512
14943238 10 62207 8473359 512
14943238 10 62207 8473390 514
27722692 10 62207 8473578 513
28902388 10 62207 8473578 512
29033475 10 62207 8473593 512
29164563 10 62207 8473593 512
29164579 10 62207 8473609 512
29164595 10 62207 8473609 512
29230147 10 62207 8473625 512
29164626 10 62207 8473625 512
29164642 10 62207 8473640 512
29099120 10 62207 8473656 512
28968061 10 62207 8473656 512
28902539 10 62207 8473671 512
28837017 10 62207 8473687 512
28771485 10 62207 8473718 512
28771485 10 62207 8473750 514
30802960 10 62207 8473875 513
31851527 10 62207 8473875 512
33096701 10 62207 8473875 512
33817593 10 62207 8473890 512
34604022 10 62207 8473890 512
35455988 10 62207 8473906 512
36307955 10 62207 8473906 512
37225460 10 62207 8473937 512
38208503 10 62207 8473953 512
39126015 10 62207 8473968 512
39912456 10 62207 8473968 512
40502290 10 62207 8473984 512
41026588 10 62207 8473984 512
41354278 10 62207 8474000 512
41616433 10 62207 8474000 512
41878593 10 62207 8474031 512
41944144 10 62207 8474031 512
41944159 10 62207 8474046 512
41813102 10 62207 8474046 512
41485437 10 62207 8474062 512
41026698 10 62207 8474062 512
41026698 10 62207 8474093 514
