70 140 660 1280
16449742 10 1498737 17730406 513
17367215 10 1498737 17730406 512
17891497 10 6471182 17730421 512
18481314 10 6471182 17730453 512
19071132 10 16759319 17730484 512
19726487 10 16759319 17730515 512
20447379 10 14253376 17730578 512
21168274 10 10766755 17730625 512
21823635 10 13217535 17730671 512
22413464 10 3550702 17730734 512
22872224 10 3550702 17730765 512
23199914 10 2588671 17730796 512
23265460 10 2588671 17730843 512
23068862 10 62207 17730875 512
22806729 10 62207 17730906 512
22610133 10 1498737 17730953 512
22282463 10 6471182 17730984 512
21823720 10 6471182 17731015 512
21299440 10 16759319 17731046 512
20709622 10 16759319 17731078 512
19988729 10 14253376 17731125 512
19202298 10 14253376 17731156 512
18546936 10 10766755 17731203 512
17826036 10 13217535 17731234 512
17301742 10 3550702 17731343 512
16908521 10 2588671 17731375 512
16908521 10 2588671 17731390 514
14352720 10 3550702 17731875 513
16515406 10 3550702 17731875 512
17301837 10 3550702 17731875 512
18219339 10 3550702 17731890 512
19136840 10 3550702 17731906 512
20185413 10 2588671 17731937 512
21299522 10 2588671 17731953 512
22479168 10 2588671 17731968 512
23658813 10 62207 17731984 512
24772921 10 62207 17732000 512
25821493 10 62207 17732015 512
26804531 10 62207 17732031 512
27722034 10 1498737 17732046 512
28508466 10 1498737 17732062 512
29294899 10 6471182 17732109 512
29294899 10 6471182 17732156 514
15335818 10 1498737 17732640 513
17498503 10 1498737 17732656 512
18284934 10 1498737 17732671 512
19071364 10 6471182 17732687 512
19333507 10 16759319 17732750 512
19202434 10 16759319 17732781 512
18743681 10 14253376 17732812 512
18022785 10 14253376 17732843 512
17236355 10 10766755 17732875 512
16515464 10 13217535 17732953 512
16056720 10 13217535 17732968 512
15794587 10 3550702 17733000 512
15597991 10 3550702 17733015 512
15335860 10 3550702 17733031 512
15139265 10 3550702 17733046 512
15008207 10 2588671 17733062 512
15008220 10 2588671 17733093 512
15008234 10 2588671 17733109 512
15139321 10 62207 17733125 512
15204871 10 62207 17733140 512
15467027 10 1498737 17733187 512
15860252 10 1498737 17733203 512
16450080 10 6471182 17733234 512
17170976 10 6471182 17733250 512
17891871 10 6471182 17733265 512
18678300 10 6471182 17733281 512
19464730 10 16759319 17733312 512
20251159 10 16759319 17733343 512
20840977 10 14253376 17733390 512
20840977 10 10766755 17733421 514
21561766 10 62207 17733718 513
21365147 10 62207 17733718 512
20382159 10 62207 17733718 512
20447710 10 1498737 17733734 512
20447725 10 1498737 17733750 512
20447738 10 1498737 17733765 512
20578815 10 6471182 17733843 512
20578815 10 16759319 17733875 514
22610281 10 3550702 17734156 513
22872455 10 3550702 17734156 512
22806935 10 3550702 17734156 512
22675878 10 2588671 17734171 512
22544820 10 2588671 17734171 512
22479296 10 2588671 17734187 512
22413772 10 2588671 17734187 512
22544855 10 2588671 17734203 512
22741476 10 2588671 17734218 512
22872562 10 62207 17734234 512
22938113 10 62207 17734250 512
23003662 10 62207 17734281 512
22938131 10 1498737 17734343 512
22938129 10 6471182 17734359 512
22938121 10 6471182 17734375 512
22938121 10 6471182 17734406 514
22872575 10 16759319 17734437 513
22741488 10 16759319 17734437 512
22807012 10 14253376 17734484 512
23134682 10 14253376 17734500 512
23658962 10 14253376 17734531 512
24445388 10 10766755 17734546 512
25493959 10 10766755 17734578 512
26608068 10 10766755 17734593 512
27656643 10 13217535 17734609 512
28705219 10 13217535 17734625 512
28705219 10 3550702 17734687 514
14942820 10 10766755 17735140 513
16384647 10 10766755 17735140 512
16712340 10 10766755 17735156 512
17171105 10 13217535 17735187 512
17695400 10 13217535 17735234 512
18088616 10 3550702 17735250 512
18088616 10 3550702 17735281 514
19857996 10 6471182 17735500 513
20382326 10 6471182 17735515 512
20382344 10 6471182 17735531 512
20382362 10 6471182 17735546 512
20382379 10 6471182 17735562 512
20382395 10 6471182 17735578 512
20382399 10 14253376 17735656 512
20382397 10 14253376 17735671 512
20316853 10 10766755 17735703 512
20185768 10 10766755 17735718 512
20185753 10 10766755 17735734 512
20251274 10 13217535 17735750 512
20382333 10 13217535 17735765 512
20644464 10 13217535 17735781 512
21037667 10 13217535 17735796 512
21561945 10 3550702 17735812 512
22086225 10 3550702 17735828 512
22741580 10 3550702 17735859 512
23462474 10 2588671 17735875 512
24117838 10 2588671 17735890 512
24642133 10 2588671 17735906 512
25035360 10 2588671 17735921 512
25297517 10 62207 17735937 512
25363067 10 62207 17735953 512
25232009 10 62207 17735984 512
24904342 10 1498737 17736000 512
24445602 10 1498737 17736015 512
23724714 10 1498737 17736031 512
22872747 10 6471182 17736062 512
22151848 10 6471182 17736078 512
21496481 10 6471182 17736093 512
21037719 10 16759319 17736109 512
21037719 10 16759319 17736156 514
20120280 10 62207 17736515 513
19399422 10 62207 17736515 512
19202827 10 62207 17736531 512
19268368 10 1498737 17736593 512
19268368 10 6471182 17736625 514
22348487 10 10766755 17736812 513
22938343 10 10766755 17736812 512
23003892 10 10766755 17736828 512
23003904 10 10766755 17736843 512
22938380 10 13217535 17736875 512
22610708 10 3550702 17736921 512
22020888 10 3550702 17736937 512
22020888 10 3550702 17736968 514
16646928 10 6471182 17737203 513
18744081 10 6471182 17737203 512
19792656 10 6471182 17737203 512
20906766 10 6471182 17737218 512
22020876 10 16759319 17737234 512
23134986 10 16759319 17737250 512
24118023 10 16759319 17737265 512
25035524 10 14253376 17737296 512
25953026 10 14253376 17737312 512
25953026 10 14253376 17737343 514
27656873 10 6471182 17737750 513
28574384 10 6471182 17737750 512
29819577 10 6471182 17737765 512
30671551 10 6471182 17737765 512
31195847 10 16759319 17737796 512
31458001 10 16759319 17737812 512
31458014 10 16759319 17737828 512
31326956 10 16759319 17737843 512
31195899 10 14253376 17737859 512
31064842 10 14253376 17737875 512
30999320 10 14253376 17737890 512
30999320 10 13217535 17737984 514
36438403 10 0 17740406 513
35979682 10 0 17740406 512
35848623 10 0 17740421 512
35717564 10 0 17740437 512
35586506 10 0 17740453 512
35324374 10 0 17740468 512
35193314 10 0 17740500 512
34996719 10 0 17740531 512
35127802 10 0 17740593 512
35521027 10 0 17740640 512
35979784 10 0 17740671 512
36569610 10 0 17740703 512
37290506 10 0 17740750 512
37880327 10 0 17740843 512
38339072 10 0 17740875 512
38666742 10 0 17740890 512
38994409 10 0 17740921 512
39191003 10 0 17740937 512
39387594 10 0 17740968 512
39518649 10 0 17740984 512
39584171 10 0 17741000 512
39780763 10 0 17741015 512
40173965 10 0 17741062 512
40567168 10 0 17741078 512
41025911 10 0 17741109 512
41681267 10 0 17741156 512
42336628 10 0 17741218 512
42926458 10 0 17741234 512
43516291 10 0 17741265 512
43975054 10 0 17741281 512
44302745 10 0 17741312 512
44564901 10 0 17741328 512
44761520 10 0 17741343 512
44892604 10 0 17741359 512
44892616 10 0 17741375 512
44827092 10 0 17741390 512
44630495 10 0 17741406 512
44302826 10 0 17741437 512
44302826 10 0 17741468 514
40305165 10 0 17741781 513
39387694 10 0 17741796 512
38928954 10 0 17741812 512
38339140 10 0 17741828 512
37618250 10 0 17741843 512
36831822 10 0 17741843 512
36110928 10 0 17741859 512
35848786 10 0 17741968 512
36110933 10 0 17741984 512
36700761 10 0 17742000 512
37618269 10 0 17742015 512
38535777 10 0 17742031 512
39387747 10 0 17742031 512
40174180 10 0 17742046 512
40895076 10 0 17742046 512
41812579 10 0 17742062 512
42730084 10 0 17742078 512
43647589 10 0 17742109 512
44434022 10 0 17742125 512
44434022 10 0 17742171 514
31589024 10 0 17742468 513
34996903 10 0 17742468 512
36242087 10 0 17742484 512
37356200 10 0 17742484 512
38404776 10 0 17742500 512
39387817 10 0 17742500 512
40370858 10 0 17742515 512
41288363 10 0 17742515 512
42271404 10 0 17742531 512
43188909 10 0 17742531 512
44106414 10 0 17742546 512
44958382 10 0 17742562 512
45744815 10 0 17742562 512
46531247 10 0 17742578 512
47448751 10 0 17742593 512
47448751 10 0 17742640 514
35652307 10 0 17743156 513
35193595 10 0 17743156 512
34997001 10 0 17743171 512
34865943 10 0 17743187 512
34669350 10 0 17743203 512
34472755 10 0 17743218 512
34472767 10 0 17743250 512
34472767 10 0 17743296 514
34931456 10 0 17743609 513
36766453 10 0 17743609 512
37552884 10 0 17743625 512
37552884 10 0 17743687 514
33686309 10 0 17743937 513
34472742 10 0 17743937 512
35783462 10 0 17743953 512
36635429 10 0 17743968 512
37487396 10 0 17744000 512
37487396 10 0 17744046 514
39060219 10 0 17744406 513
39453426 10 0 17744421 512
38863661 10 0 17744437 512
38863675 10 0 17744453 512
38798151 10 0 17744500 512
38798151 10 0 17744531 514
37094243 10 0 17744843 513
36832135 10 0 17744843 512
36438929 10 0 17744859 512
35783576 10 0 17744890 512
35062686 10 0 17744906 512
34079650 10 0 17744921 512
33162149 10 0 17744937 512
32310182 10 0 17744984 512
31982503 10 0 17745046 512
32244647 10 0 17745062 512
32965543 10 0 17745078 512
33948583 10 0 17745093 512
34931624 10 0 17745109 512
36111271 10 0 17745125 512
37159848 10 0 17745125 512
38011817 10 0 17745140 512
38863787 10 0 17745140 512
39846826 10 0 17745171 512
40895399 10 0 17745187 512
41943973 10 0 17745203 512
42927012 10 0 17745218 512
43844516 10 0 17745234 512
43844516 10 0 17745312 514
33424338 10 0 17745718 513
32244723 10 0 17745718 512
32179199 10 0 17745734 512
32179210 10 0 17745765 512
32506899 10 0 17745812 512
33031192 10 0 17745843 512
33686556 10 0 17745875 512
34407453 10 0 17745906 512
35062809 10 0 17745937 512
35062809 10 0 17745984 514
36045777 10 0 17746203 513
35718126 10 0 17746203 512
35652603 10 0 17746203 512
35587081 10 0 17746218 512
35390478 10 0 17746312 512
35259406 10 0 17746328 512
35193863 10 0 17746343 512
35259388 10 0 17746359 512
35455984 10 0 17746375 512
35652580 10 0 17746390 512
36045786 10 0 17746406 512
36570067 10 0 17746421 512
37225424 10 0 17746484 512
37946322 10 0 17746500 512
38536152 10 0 17746515 512
38929378 10 0 17746546 512
39125999 10 0 17746578 512
39191548 10 0 17746609 512
39060489 10 0 17746625 512
38667284 10 0 17746640 512
38667284 10 0 17746671 514
36176925 10 0 17746906 513
35587137 10 0 17746906 512
35128394 10 0 17746937 512
34473039 10 0 17746953 512
33752145 10 0 17746984 512
33490002 10 0 17747109 512
33686610 10 0 17747140 512
34210897 10 0 17747156 512
35128400 10 0 17747171 512
36111438 10 0 17747187 512
37160011 10 0 17747203 512
38208582 10 0 17747218 512
39191619 10 0 17747234 512
40043586 10 0 17747265 512
40895552 10 0 17747281 512
40895552 10 0 17747328 514
40502275 10 0 17747625 513
41223166 10 0 17747640 512
43385852 10 0 17747656 512
44237821 10 0 17747671 512
44893185 10 0 17747734 512
45155337 10 0 17747765 512
45155348 10 0 17747796 512
45024290 10 0 17747812 512
44827695 10 0 17747828 512
44762173 10 0 17747843 512
44631114 10 0 17747859 512
44631126 10 0 17747890 512
44631126 10 0 17747937 514
33031372 10 0 17749312 513
34997445 10 0 17749312 512
35849405 10 0 17749328 512
36635827 10 0 17749343 512
37422249 10 0 17749359 512
38208671 10 0 17749390 512
38405274 10 0 17749468 512
38274202 10 0 17749484 512
37880990 10 0 17749546 512
37356710 10 0 17749578 512
36832432 10 0 17749593 512
36570299 10 0 17749625 512
36570311 10 0 17749640 512
36701395 10 0 17749656 512
36963551 10 0 17749671 512
37291242 10 0 17749687 512
37618933 10 0 17749703 512
38012159 10 0 17749734 512
38405378 10 0 17749812 512
38405378 10 0 17749843 514
42140785 10 0 17750203 513
42861718 10 0 17750218 512
42861735 10 0 17750234 512
42534091 10 0 17750250 512
42468572 10 0 17750265 512
42468589 10 0 17750281 512
42468605 10 0 17750296 512
42468619 10 0 17750312 512
42468619 10 0 17750359 514
