70 140 660 1280
25756186 28 1498737 16524375 513
24445453 28 1498737 16524390 512
23462402 28 1498737 16524406 512
23462402 28 6471182 16524421 514
39977089 28 2588671 16526875 513
38142097 28 2588671 16526875 512
37421213 28 2588671 16526875 512
36503723 28 2588671 16526890 512
35586236 28 2588671 16526890 512
34668748 28 2588671 16526906 512
33882333 28 2588671 16526921 512
33095917 28 2588671 16526921 512
32506107 28 2588671 16526937 512
31916297 28 2588671 16526937 512
31326486 28 2588671 16526953 512
31326489 28 2588671 16527015 512
31588630 28 2588671 16527015 512
32178447 28 2588671 16527031 512
32899332 28 2588671 16527046 512
33751287 28 2588671 16527046 512
34734315 28 2588671 16527062 512
35651806 28 2588671 16527062 512
36634834 28 2588671 16527078 512
37552327 28 2588671 16527078 512
38469820 28 2588671 16527093 512
39256241 28 2588671 16527093 512
40108200 28 2588671 16527109 512
40829095 28 2588671 16527156 512
40960175 28 2588671 16527171 512
40763579 28 2588671 16527187 512
40304842 28 2588671 16527187 512
39649498 28 2588671 16527218 512
38863083 28 2588671 16527234 512
38076668 28 2588671 16527250 512
36503842 28 2588671 16527265 512
35062088 28 2588671 16527281 512
33882475 28 2588671 16527281 512
33423737 28 2588671 16527296 512
33030534 28 2588671 16527312 512
32965000 28 2588671 16527343 512
33030530 28 2588671 16527359 512
33948003 28 2588671 16527375 512
35520822 28 2588671 16527390 512
36569372 28 2588671 16527406 512
38797540 28 2588671 16527421 512
40894648 28 2588671 16527437 512
41746601 28 2588671 16527453 512
42401949 28 2588671 16527468 512
42729625 28 2588671 16527484 512
42401960 28 2588671 16527500 512
40894669 28 2588671 16527515 512
38535421 28 2588671 16527531 512
37290265 28 2588671 16527546 512
34734424 28 2588671 16527562 512
33554809 28 2588671 16527578 512
31392185 28 2588671 16527593 512
29950441 28 2588671 16527609 512
30015984 28 2588671 16527640 512
30015984 28 2588671 16527687 514
31130082 28 2588671 16527718 513
33161666 28 2588671 16527734 512
40436051 28 2588671 16527750 512
41943360 28 2588671 16527765 512
42860861 28 2588671 16527781 512
43123012 28 2588671 16527796 512
42336611 28 2588671 16527812 512
40501646 28 2588671 16527828 512
39322023 28 2588671 16527843 512
36962780 28 2588671 16527859 512
34669078 28 2588671 16527859 512
33620532 28 2588671 16527859 512
32637519 28 2588671 16527875 512
31851112 28 2588671 16527875 512
31130236 28 2588671 16527890 512
30540429 28 2588671 16527906 512
30343825 28 2588671 16527921 512
30409356 28 2588671 16527937 512
30802558 28 2588671 16527953 512
31785570 28 2588671 16527984 512
33292857 28 2588671 16528000 512
35193353 28 2588671 16528000 512
37093853 28 2588671 16528015 512
38863289 28 2588671 16528015 512
40436126 28 2588671 16528031 512
41681292 28 2588671 16528046 512
42664322 28 2588671 16528062 512
43254147 28 2588671 16528078 512
43319691 28 2588671 16528078 512
43057561 28 2588671 16528093 512
42467756 28 2588671 16528093 512
41615811 28 2588671 16528109 512
40567261 28 2588671 16528125 512
39453180 28 2588671 16528125 512
38339100 28 2588671 16528140 512
37159487 28 2588671 16528140 512
36045411 28 2588671 16528156 512
34931334 28 2588671 16528156 512
33948329 28 2588671 16528171 512
32965322 28 2588671 16528187 512
32244456 28 2588671 16528187 512
31654657 28 2588671 16528203 512
31195926 28 2588671 16528218 512
31130394 28 2588671 16528265 512
31523598 28 2588671 16528265 512
32441072 28 2588671 16528281 512
33620684 28 2588671 16528296 512
35062437 28 2588671 16528296 512
36569728 28 2588671 16528312 512
38142558 28 2588671 16528328 512
39584320 28 2588671 16528328 512
40895017 28 2588671 16528343 512
41943576 28 2588671 16528343 512
42664469 28 2588671 16528375 512
42861083 28 2588671 16528375 512
42598951 28 2588671 16528390 512
42074682 28 2588671 16528390 512
41288272 28 2588671 16528406 512
40305259 28 2588671 16528421 512
39256713 28 2588671 16528421 512
38077099 28 2588671 16528437 512
36897489 28 2588671 16528437 512
35717879 28 2588671 16528453 512
34603806 28 2588671 16528453 512
33620804 28 2588671 16528468 512
32834408 28 2588671 16528484 512
32244616 28 2588671 16528484 512
31720355 28 2588671 16528500 512
31327160 28 2588671 16528515 512
31261632 28 2588671 16528546 512
31458235 28 2588671 16528546 512
31851436 28 2588671 16528562 512
32506772 28 2588671 16528578 512
33424246 28 2588671 16528578 512
34538325 28 2588671 16528593 512
35783476 28 2588671 16528593 512
37028629 28 2588671 16528609 512
38339322 28 2588671 16528609 512
39453413 28 2588671 16528625 512
40567507 28 2588671 16528625 512
41616071 28 2588671 16528656 512
42271430 28 2588671 16528671 512
42468046 28 2588671 16528671 512
42271453 28 2588671 16528687 512
41747186 28 2588671 16528687 512
40960780 28 2588671 16528703 512
40108840 28 2588671 16528703 512
39191366 28 2588671 16528718 512
38142822 28 2588671 16528718 512
37225351 28 2588671 16528734 512
36373417 28 2588671 16528750 512
35652554 28 2588671 16528750 512
34931687 28 2588671 16528765 512
34407426 28 2588671 16528765 512
33948695 28 2588671 16528781 512
33817633 28 2588671 16528812 512
33883167 28 2588671 16528828 512
34276372 28 2588671 16528828 512
34800641 28 2588671 16528843 512
35521512 28 2588671 16528843 512
36373454 28 2588671 16528859 512
37356467 28 2588671 16528859 512
38536088 28 2588671 16528875 512
39715709 28 2588671 16528875 512
40960870 28 2588671 16528890 512
42074962 28 2588671 16528890 512
43057988 28 2588671 16528906 512
43844415 28 2588671 16528937 512
44237635 28 2588671 16528937 512
44303183 28 2588671 16528953 512
43975520 28 2588671 16528953 512
43385718 28 2588671 16528968 512
42468240 28 2588671 16528968 512
41550764 28 2588671 16528984 512
40567755 28 2588671 16528984 512
39650284 28 2588671 16529000 512
38798348 28 2588671 16529015 512
38011948 28 2588671 16529015 512
37356618 28 2588671 16529031 512
36766821 28 2588671 16529031 512
36308092 28 2588671 16529046 512
35980430 28 2588671 16529046 512
35980436 28 2588671 16529078 512
36242576 28 2588671 16529093 512
36701315 28 2588671 16529109 512
37356656 28 2588671 16529109 512
38077530 28 2588671 16529125 512
38863940 28 2588671 16529125 512
39781421 28 2588671 16529140 512
40698904 28 2588671 16529140 512
41616390 28 2588671 16529156 512
42402807 28 2588671 16529156 512
43189228 28 2588671 16529171 512
43713515 28 2588671 16529203 512
43975665 28 2588671 16529203 512
43975677 28 2588671 16529218 512
43713550 28 2588671 16529218 512
43254818 28 2588671 16529234 512
42730553 28 2588671 16529234 512
42075219 28 2588671 16529250 512
41419886 28 2588671 16529250 512
40764554 28 2588671 16529265 512
40240291 28 2588671 16529281 512
39716025 28 2588671 16529281 512
39388364 28 2588671 16529296 512
39060700 28 2588671 16529296 512
39257313 28 2588671 16529343 512
39716061 28 2588671 16529359 512
40174802 28 2588671 16529359 512
40895682 28 2588671 16529375 512
41616559 28 2588671 16529375 512
42402973 28 2588671 16529390 512
43189386 28 2588671 16529390 512
43975801 28 2588671 16529406 512
44696683 28 2588671 16529406 512
45483103 28 2588671 16529421 512
46072925 28 2588671 16529453 512
46400611 28 2588671 16529468 512
46466157 28 2588671 16529468 512
46269564 28 2588671 16529484 512
45941901 28 2588671 16529484 512
45548703 28 2588671 16529500 512
45286577 28 2588671 16529500 512
44958914 28 2588671 16529515 512
44631251 28 2588671 16529515 512
44434657 28 2588671 16529531 512
44434657 28 2588671 16529562 514
30344241 28 5733049 16531453 513
28247096 28 5733049 16531453 512
27460665 28 5733049 16531453 512
26608695 28 5733049 16531468 512
25691189 28 5733049 16531484 512
24642612 28 5733049 16531515 512
23659572 28 5733049 16531531 512
22676531 28 5733049 16531546 512
21693492 28 5733049 16531562 512
20710453 28 5733049 16531578 512
19792949 28 5733049 16531593 512
18875445 28 5733049 16531625 512
17957942 28 5733049 16531640 512
17171510 28 5733049 16531671 512
17171510 28 5733049 16531718 514
10814506 28 5733049 16533343 513
13370378 28 5733049 16533343 512
14156800 28 5733049 16533359 512
14943222 28 5733049 16533375 512
15598573 28 5733049 16533390 512
16319461 28 5733049 16533406 512
16974813 28 5733049 16533421 512
17564630 28 5733049 16533453 512
17957844 28 5733049 16533578 512
18219991 28 5733049 16533609 512
18416605 28 5733049 16533640 512
18613223 28 5733049 16533656 512
18744307 28 5733049 16533656 512
18875390 28 5733049 16533687 512
19006474 28 5733049 16533703 512
19203094 28 5733049 16533718 512
19334177 28 5733049 16533734 512
19465262 28 5733049 16533750 512
19596347 28 5733049 16533781 512
19727431 28 5733049 16533812 512
19858514 28 5733049 16533828 512
19858514 28 5733049 16533906 514
10290228 28 6471182 16536546 513
12190752 28 6471182 16536546 512
12846102 28 6471182 16536562 512
13501454 28 6471182 16536578 512
14222340 28 6471182 16536593 512
14877690 28 6471182 16536609 512
15467505 28 6471182 16536625 512
16122856 28 6471182 16536640 512
16778208 28 6471182 16536656 512
17433561 28 6471182 16536718 512
17826773 28 6471182 16536812 512
18154454 28 6471182 16536906 512
18547675 28 6471182 16536937 512
18809827 28 6471182 16536953 512
19071981 28 6471182 16536968 512
19268600 28 6471182 16536984 512
19465219 28 6471182 16537015 512
19596302 28 6471182 16537031 512
19727385 28 6471182 16537046 512
19858469 28 6471182 16537062 512
20055089 28 6471182 16537078 512
20251709 28 6471182 16537109 512
20382793 28 6471182 16537156 512
20513877 28 6471182 16537296 512
20513886 28 6471182 16537312 512
20513896 28 6471182 16537390 512
20513906 28 6471182 16537421 512
20579453 28 6471182 16537468 512
20645001 28 6471182 16537515 512
20645011 28 6471182 16537671 512
20513941 28 6471182 16537718 512
20120724 28 6471182 16537765 512
19530895 28 6471182 16537796 512
18809993 28 6471182 16537828 512
18023556 28 6471182 16537859 512
17237118 28 6471182 16537875 512
16450681 28 6471182 16537890 512
15664242 28 6471182 16537921 512
15008873 28 6471182 16537937 512
14222435 28 6471182 16537953 512
13370462 28 6471182 16537984 512
12584023 28 6471182 16538015 512
11797585 28 6471182 16538046 512
11011147 28 6471182 16538062 512
11011147 28 6471182 16538156 514
11600972 28 6471182 16538609 513
12911645 28 6471182 16538609 512
13501459 28 6471182 16538609 512
14222345 28 6471182 16538625 512
15008768 28 6471182 16538640 512
15401984 28 6471182 16538687 512
15467526 28 6471182 16538687 512
15205390 28 6471182 16538703 512
14681114 28 6471182 16538718 512
14156838 28 6471182 16538718 512
13567027 28 6471182 16538734 512
12977216 28 6471182 16538750 512
12911686 28 6471182 16538812 512
13042759 28 6471182 16538828 512
14091320 28 6471182 16538843 512
15598622 28 6471182 16538859 512
17105927 28 6471182 16538875 512
17826813 28 6471182 16538890 512
18154490 28 6471182 16538921 512
18154492 28 6471182 16538937 512
17433610 28 6471182 16538953 512
16319516 28 6471182 16538968 512
15336494 28 6471182 16538984 512
14812214 28 6471182 16539000 512
14746680 28 6471182 16539031 512
14877748 28 6471182 16539046 512
15729698 28 6471182 16539062 512
16319512 28 6471182 16539078 512
16909327 28 6471182 16539093 512
17630214 28 6471182 16539109 512
18154500 28 6471182 16539125 512
18351111 28 6471182 16539140 512
17957911 28 6471182 16539156 512
17499171 28 6471182 16539171 512
16385084 28 6471182 16539187 512
15729738 28 6471182 16539203 512
15533135 28 6471182 16539234 512
15664205 28 6471182 16539250 512
16057415 28 6471182 16539265 512
17237042 28 6471182 16539281 512
17826856 28 6471182 16539296 512
18416671 28 6471182 16539312 512
18744349 28 6471182 16539328 512
18678815 28 6471182 16539343 512
18416678 28 6471182 16539359 512
17368124 28 6471182 16539375 512
16188499 28 6471182 16539390 512
15664223 28 6471182 16539406 512
15205482 28 6471182 16539421 512
15074412 28 6471182 16539421 512
15139944 28 6471182 16539437 512
15533153 28 6471182 16539453 512
15991896 28 6471182 16539453 512
16581710 28 6471182 16539453 512
17171524 28 6471182 16539453 512
17761339 28 6471182 16539468 512
18482226 28 6471182 16539484 512
19006513 28 6471182 16539531 512
19203125 28 6471182 16539531 512
19137596 28 6471182 16539546 512
18875461 28 6471182 16539546 512
18547792 28 6471182 16539562 512
18154586 28 6471182 16539562 512
17695845 28 6471182 16539593 512
17695848 28 6471182 16539625 512
18089059 28 6471182 16539640 512
18547804 28 6471182 16539656 512
19268690 28 6471182 16539671 512
19661903 28 6471182 16539718 512
19661905 28 6471182 16539734 512
19399768 28 6471182 16539734 512
19006560 28 6471182 16539750 512
18613353 28 6471182 16539765 512
18089074 28 6471182 16539781 512
18023540 28 6471182 16539828 512
18220143 28 6471182 16539843 512
18678888 28 6471182 16539859 512
18941029 28 6471182 16539906 512
19006567 28 6471182 16539921 512
18809967 28 6471182 16539953 512
18809972 28 6471182 16540000 512
19072117 28 6471182 16540031 512
19399793 28 6471182 16540046 512
19399793 28 6471182 16540078 514
29950344 28 6471182 16541250 513
27459977 28 6471182 16541250 512
26345869 28 6471182 16541265 512
25231762 28 6471182 16541281 512
24117654 28 6471182 16541296 512
23069080 28 6471182 16541312 512
22086043 28 6471182 16541328 512
21168540 28 6471182 16541343 512
20316572 28 6471182 16541375 512
19530140 28 6471182 16541390 512
18809244 28 6471182 16541437 512
18088349 28 6471182 16541531 512
17367455 28 6471182 16541562 512
16712099 28 6471182 16541609 512
16712099 28 6471182 16541671 514
18481541 28 6471182 16542171 513
16843180 28 6471182 16542187 512
16712120 28 6471182 16542203 512
16646595 28 6471182 16542218 512
16646608 28 6471182 16542234 512
16843228 28 6471182 16542265 512
17039848 28 6471182 16542296 512
17170932 28 6471182 16542328 512
17236476 28 6471182 16542437 512
17039869 28 6471182 16542484 512
16646651 28 6471182 16542515 512
16187893 28 6471182 16542546 512
15663597 28 6471182 16542562 512
14942694 28 6471182 16542609 512
14156252 28 6471182 16542625 512
13500883 28 6471182 16542656 512
12911049 28 6471182 16542703 512
12255681 28 6471182 16542718 512
11665850 28 6471182 16542750 512
11141555 28 6471182 16542859 512
11010476 28 6471182 16542937 512
11207076 28 6471182 16542968 512
11731356 28 6471182 16542984 512
12386708 28 6471182 16543000 512
13173135 28 6471182 16543015 512
13959559 28 6471182 16543031 512
14680448 28 6471182 16543046 512
15466873 28 6471182 16543078 512
16122226 28 6471182 16543109 512
16646511 28 6471182 16543234 512
16974193 28 6471182 16543265 512
17170808 28 6471182 16543296 512
17236354 28 6471182 16543312 512
17236365 28 6471182 16543343 512
17236365 28 6471182 16543375 514
29294990 28 5733049 16546296 513
27328916 28 5733049 16546296 512
26673560 28 5733049 16546296 512
25952666 28 5733049 16546328 512
25166237 28 5733049 16546343 512
24445343 28 5733049 16546359 512
23724449 28 5733049 16546375 512
22872485 28 5733049 16546406 512
22086057 28 5733049 16546421 512
21299627 28 5733049 16546453 512
20513197 28 5733049 16546484 512
19661230 28 5733049 16546531 512
19071407 28 5733049 16546656 512
19071407 28 5733049 16546687 514
13697534 28 14211748 16550812 513
12583450 28 14211748 16550828 512
12059173 28 14211748 16550843 512
11600431 28 14211748 16550859 512
11207227 28 14211748 16550875 512
10814022 28 14211748 16550890 512
10551889 28 14211748 16550906 512
10355292 28 14211748 16550921 512
10158695 28 14211748 16550937 512
10027634 28 14211748 16550953 512
9896574 28 14211748 16550968 512
9831051 28 14211748 16550984 512
9765527 28 14211748 16551000 512
9765542 28 14211748 16551031 512
9831093 28 14211748 16551046 512
9831109 28 14211748 16551046 512
9831124 28 14211748 16551062 512
9896675 28 14211748 16551078 512
9896689 28 14211748 16551093 512
9896703 28 14211748 16551109 512
10027790 28 14211748 16551125 512
10158876 28 14211748 16551140 512
10289963 28 14211748 16551171 512
10486585 28 14211748 16551187 512
10617672 28 14211748 16551203 512
10814295 28 14211748 16551218 512
11010918 28 14211748 16551234 512
11207540 28 14211748 16551250 512
11338626 28 14211748 16551265 512
11404175 28 14211748 16551281 512
11600796 28 14211748 16551312 512
11928488 28 14211748 16551343 512
11928488 28 14211748 16551375 514
13763071 28 16759319 16552781 513
12059170 28 16759319 16552781 512
11600430 28 16759319 16552796 512
11141690 28 14253376 16552812 512
10682953 28 14253376 16552828 512
10224216 28 14253376 16552843 512
9831016 28 14253376 16552859 512
9437816 28 10766755 16552875 512
12845597 28 16759319 16553937 513
11600452 28 16759319 16553937 512
11272783 28 14253376 16553937 512
10879578 28 14253376 16553953 512
10486373 28 14253376 16553968 512
10224242 28 10766755 16554000 512
10027647 28 10766755 16554031 512
9831052 28 10766755 16554046 512
9699993 28 13217535 16554078 512
9568934 28 13217535 16554109 512
9437874 28 3550702 16554125 512
9437885 28 3550702 16554140 512
9503433 28 3550702 16554171 512
9568982 28 2588671 16554203 512
9634531 28 2588671 16554218 512
9765616 28 2588671 16554234 512
9831166 28 62207 16554265 512
9831179 28 62207 16554281 512
9962263 28 62207 16554296 512
10027811 28 1498737 16554312 512
10158895 28 1498737 16554328 512
10224442 28 1498737 16554343 512
10355525 28 6471182 16554375 512
10486608 28 6471182 16554390 512
10683228 28 6471182 16554406 512
10945385 28 6471182 16554421 512
11142005 28 16759319 16554453 512
11338626 28 16759319 16554484 512
11535247 28 14253376 16554500 512
11862939 28 14253376 16554531 512
12125095 28 10766755 16554562 512
12321715 28 10766755 16554609 512
12321715 28 13217535 16554671 514
31392512 28 1498737 16556625 513
30868240 28 1498737 16556640 512
30475029 28 1498737 16556656 512
29754139 28 6471182 16556671 512
29754139 28 16759319 16556718 514
31523615 28 13217535 16557437 513
30212925 28 13217535 16557437 512
29819719 28 13217535 16557453 512
29098830 28 13217535 16557484 512
29098830 28 2588671 16557562 514
14877211 28 62207 16561015 513
14352958 28 62207 16561015 512
13959752 28 62207 16561031 512
13501010 28 1498737 16561093 512
13107805 28 6471182 16561125 512
12780137 28 6471182 16561171 512
12518006 28 16759319 16561203 512
12386946 28 16759319 16561234 512
12321422 28 14253376 16561281 512
12386969 28 10766755 16561328 512
12452515 28 13217535 16561375 512
12518061 28 13217535 16561421 512
12518072 28 3550702 16561453 512
12583619 28 2588671 16561500 512
12583631 28 2588671 16561531 512
12583643 28 2588671 16561546 512
12583655 28 62207 16561578 512
12714740 28 62207 16561609 512
12845826 28 1498737 16561625 512
12911374 28 1498737 16561640 512
13042460 28 1498737 16561656 512
13108009 28 6471182 16561687 512
13239095 28 6471182 16561703 512
13370181 28 6471182 16561718 512
13566803 28 16759319 16561750 512
13697889 28 16759319 16561765 512
13894510 28 16759319 16561796 512
14025597 28 14253376 16561812 512
14287754 28 14253376 16561859 512
14484376 28 10766755 16561875 512
14812067 28 13217535 16561937 512
14812067 28 13217535 16561984 514
16843287 28 2588671 16562656 513
15467062 28 2588671 16562656 512
15073858 28 2588671 16562656 512
14680654 28 62207 16562687 512
14352988 28 62207 16562703 512
14025324 28 62207 16562734 512
13763195 28 1498737 16562750 512
13566603 28 1498737 16562781 512
13304474 28 1498737 16562796 512
13107879 28 6471182 16562812 512
12976821 28 6471182 16562828 512
12845763 28 6471182 16562859 512
12845777 28 16759319 16562875 512
12911328 28 16759319 16562890 512
13107950 28 16759319 16562906 512
13239037 28 14253376 16562937 512
13370123 28 14253376 16562953 512
13566746 28 14253376 16562984 512
13763369 28 10766755 16563000 512
13894455 28 10766755 16563031 512
14091077 28 10766755 16563046 512
14287698 28 13217535 16563062 512
14418784 28 13217535 16563078 512
14746477 28 3550702 16563125 512
15008634 28 3550702 16563140 512
15336327 28 3550702 16563171 512
15729555 28 2588671 16563203 512
15729555 28 62207 16563250 514
21955150 28 6471182 16576906 513
21561925 28 6471182 16576921 512
22020639 28 6471182 16576937 512
22544918 28 6471182 16576953 512
23265807 28 6471182 16576968 512
23986701 28 16759319 16576984 512
24642064 28 14253376 16577015 512
25035288 28 14253376 16577031 512
25100836 28 14253376 16577046 512
25035312 28 10766755 16577062 512
24707645 28 10766755 16577078 512
24248904 28 10766755 16577093 512
23724625 28 13217535 16577125 512
23069268 28 13217535 16577140 512
22544979 28 13217535 16577156 512
21889616 28 3550702 16577187 512
21889616 28 2588671 16577250 514
19792509 28 14253376 16577578 513
22151809 28 14253376 16577578 512
23134848 28 14253376 16577593 512
24248959 28 10766755 16577609 512
25363068 28 10766755 16577625 512
26477178 28 10766755 16577640 512
27460218 28 13217535 16577671 512
27460218 28 3550702 16577734 514
18940601 28 16759319 16578078 513
19727034 28 16759319 16578078 512
20972217 28 16759319 16578078 512
21234359 28 14253376 16578140 512
21103285 28 14253376 16578156 512
20644533 28 10766755 16578203 512
19923638 28 10766755 16578218 512
19268283 28 13217535 16578265 512
18809540 28 3550702 16578296 512
18547407 28 3550702 16578312 512
18416347 28 3550702 16578328 512
18219751 28 3550702 16578343 512
18154227 28 2588671 16578359 512
18154239 28 2588671 16578390 512
18285321 28 62207 16578468 512
18678545 28 1498737 16578500 512
19333909 28 6471182 16578546 512
20054807 28 6471182 16578578 512
20841240 28 16759319 16578640 512
21431060 28 14253376 16578671 512
21758732 28 14253376 16578703 512
21758732 28 10766755 16578734 514
22348475 28 2588671 16578953 513
22151904 28 2588671 16578953 512
22086381 28 2588671 16578953 512
22020860 28 62207 16578984 512
22086409 28 62207 16579015 512
22086409 28 1498737 16579078 514
24183460 28 13217535 16579421 513
24249037 28 13217535 16579437 512
24183530 28 13217535 16579453 512
24118008 28 13217535 16579468 512
23986950 28 3550702 16579484 512
23921420 28 62207 16579593 512
24052490 28 1498737 16579625 512
24314629 28 1498737 16579640 512
24773374 28 1498737 16579671 512
25363193 28 6471182 16579687 512
26018551 28 6471182 16579703 512
26739448 28 6471182 16579734 512
26739448 28 14253376 16579812 514
17826637 28 62207 16580125 513
17957747 28 62207 16580125 512
17957747 28 1498737 16580171 514
20841267 28 16759319 16580343 513
20906816 28 16759319 16580343 512
20906841 28 14253376 16580359 512
20906856 28 14253376 16580359 512
20906871 28 14253376 16580375 512
20906884 28 14253376 16580406 512
20972424 28 10766755 16580453 512
20972421 28 10766755 16580468 512
21169021 28 13217535 16580500 512
21365617 28 13217535 16580515 512
21627749 28 13217535 16580531 512
22020953 28 3550702 16580546 512
22545231 28 3550702 16580562 512
23135051 28 3550702 16580593 512
23724876 28 2588671 16580609 512
24183635 28 2588671 16580625 512
24511325 28 2588671 16580640 512
24576874 28 2588671 16580656 512
24445813 28 62207 16580687 512
23987070 28 62207 16580718 512
23397249 28 1498737 16580734 512
22807422 28 1498737 16580765 512
22807422 28 6471182 16580812 514
21431184 28 10766755 16581031 513
21431184 28 10766755 16581031 514
23856024 28 62207 16581234 513
23987131 28 62207 16581234 512
23462853 28 62207 16581234 512
22676428 28 62207 16581281 512
21824463 28 1498737 16581296 512
21562318 28 6471182 16581359 512
21889995 28 6471182 16581390 512
22676424 28 6471182 16581406 512
23528389 28 16759319 16581421 512
24642501 28 16759319 16581437 512
24642501 28 14253376 16581500 514
27067280 28 2588671 16581734 513
29557679 28 2588671 16581734 512
29754300 28 2588671 16581750 512
29819849 28 2588671 16581750 512
29754326 28 2588671 16581765 512
29623267 28 2588671 16581765 512
29426673 28 2588671 16581781 512
29426673 28 62207 16581812 514
