70 140 660 1280
23134707 10 0 21627687 513
23527909 10 0 21627703 512
27132382 10 0 21627718 512
27984350 10 0 21627734 512
27853281 10 0 21627734 512
27591144 10 0 21627750 512
27263473 10 0 21627765 512
26935800 10 0 21627781 512
26018298 10 0 21627796 512
25297403 10 0 21627812 512
24969725 10 0 21627828 512
24576508 10 0 21627843 512
24117752 10 0 21627859 512
23921141 10 0 21627875 512
23790064 10 0 21627890 512
23790061 10 0 21627906 512
23855596 10 0 21627921 512
24052205 10 0 21627937 512
23986672 10 0 21627953 512
23986672 10 0 21627968 514
20382283 10 0 21628500 513
22217292 10 0 21628500 512
23265868 10 0 21628515 512
24314444 10 0 21628515 512
25428558 10 0 21628531 512
26542669 10 0 21628546 512
27525706 10 0 21628562 512
28377672 10 0 21628593 512
28377672 10 0 21628656 514
21103257 10 0 21629015 513
20579002 10 0 21629015 512
20579002 10 0 21629078 514
23331479 10 0 21631796 513
22414013 10 0 21631796 512
22348483 10 0 21631890 512
22676163 10 0 21631906 512
23265983 10 0 21631921 512
23921336 10 0 21631953 512
24707760 10 0 21631968 512
25559721 10 0 21632000 512
26280609 10 0 21632015 512
26804895 10 0 21632109 512
26870432 10 0 21632140 512
26608291 10 0 21632203 512
26411690 10 0 21632250 512
26215092 10 0 21632281 512
26215103 10 0 21632375 512
26215103 10 0 21632421 514
21168905 10 0 21632671 513
23659267 10 0 21632671 512
24642303 10 0 21632687 512
25559803 10 0 21632703 512
26280692 10 0 21632734 512
26673907 10 0 21632843 512
26673910 10 0 21632875 512
26477310 10 0 21632906 512
26280712 10 0 21632921 512
26280712 10 0 21633015 514
27394811 10 0 21633234 513
28246765 10 0 21633234 512
29426399 10 0 21633234 512
30278363 10 0 21633250 512
31064796 10 0 21633296 512
31785697 10 0 21633312 512
32178921 10 0 21633343 512
32244465 10 0 21633359 512
31916793 10 0 21633375 512
31523585 10 0 21633406 512
30868229 10 0 21633437 512
30212870 10 0 21633468 512
29491971 10 0 21633500 512
28902140 10 0 21633515 512
28574451 10 0 21633546 512
28574451 10 0 21633593 514
22152051 10 0 21633921 513
22676312 10 0 21633921 512
23266128 10 0 21633921 512
23921486 10 0 21633953 512
24314706 10 0 21633968 512
24445785 10 0 21634000 512
24183649 10 0 21634031 512
23593830 10 0 21634062 512
23004006 10 0 21634125 512
22348649 10 0 21634156 512
21758830 10 0 21634171 512
21431157 10 0 21634187 512
21234560 10 0 21634218 512
21103500 10 0 21634250 512
21365650 10 0 21634312 512
21693330 10 0 21634328 512
22021004 10 0 21634343 512
22414212 10 0 21634359 512
22741889 10 0 21634468 512
22872965 10 0 21634484 512
22807435 10 0 21634515 512
22479764 10 0 21634531 512
21955484 10 0 21634562 512
21300130 10 0 21634578 512
21103525 10 0 21634687 512
21234598 10 0 21634703 512
21824422 10 0 21634734 512
22610854 10 0 21634750 512
23462821 10 0 21634781 512
24314786 10 0 21634796 512
25035675 10 0 21634859 512
25887632 10 0 21634875 512
26477444 10 0 21634890 512
26805120 10 0 21634968 512
26870659 10 0 21634984 512
26674059 10 0 21635015 512
26542999 10 0 21635031 512
26674081 10 0 21635078 512
27067304 10 0 21635109 512
27460519 10 0 21635125 512
27919266 10 0 21635156 512
28378010 10 0 21635171 512
28836753 10 0 21635203 512
29361034 10 0 21635234 512
30081927 10 0 21635265 512
30802824 10 0 21635296 512
31392652 10 0 21635343 512
31654804 10 0 21635359 512
31785886 10 0 21635375 512
31523752 10 0 21635390 512
31523752 10 0 21635421 514
