70 140 660 1280
16318603 10 0 22130671 513
16318616 10 0 22130671 512
16253103 10 0 22130687 512
16122045 10 0 22130687 512
15859916 10 0 22130703 512
15663324 10 0 22130718 512
15532266 10 0 22130750 512
15597814 10 0 22130781 512
16056572 10 0 22130812 512
16843004 10 0 22130828 512
17629432 10 0 22130828 512
18415858 10 0 22130843 512
19136747 10 0 22130859 512
19857636 10 0 22130859 512
20447454 10 0 22130875 512
21102807 10 0 22130875 512
21692624 10 0 22130890 512
22413513 10 0 22130906 512
23134402 10 0 22130953 512
23134402 10 0 22131031 514
19267831 10 0 22131281 513
19857665 10 0 22131281 512
20513053 10 0 22131296 512
20709672 10 0 22131296 512
20906284 10 0 22131375 512
20906284 10 0 22131406 514
21823764 10 0 22131609 513
23658773 10 0 22131609 512
24445204 10 0 22131640 512
24445204 10 0 22131671 514
26149082 10 0 22131875 513
26214630 10 0 22131890 512
25428239 10 0 22131906 512
25035039 10 0 22131921 512
24641838 10 0 22131937 512
24248635 10 0 22131953 512
24248635 10 0 22132000 514
27132150 10 0 22132343 513
29294850 10 0 22132359 512
30015748 10 0 22132375 512
30736647 10 0 22132406 512
31326478 10 0 22132421 512
31654167 10 0 22132437 512
31785251 10 0 22132453 512
31719728 10 0 22132468 512
31523134 10 0 22132500 512
31195466 10 0 22132515 512
30867798 10 0 22132531 512
30540129 10 0 22132562 512
30540129 10 0 22132593 514
15270256 10 0 22132921 513
14811551 10 0 22132921 512
14680494 10 0 22132937 512
14746045 10 0 22132968 512
15270343 10 0 22132984 512
15991244 10 0 22132984 512
16712141 10 0 22133000 512
17564106 10 0 22133015 512
18284997 10 0 22133015 512
19071423 10 0 22133031 512
19857848 10 0 22133031 512
20644273 10 0 22133046 512
21430699 10 0 22133046 512
22217125 10 0 22133062 512
23069086 10 0 22133078 512
23855513 10 0 22133093 512
24117656 10 0 22133140 512
23855514 10 0 22133156 512
23134623 10 0 22133171 512
22217126 10 0 22133203 512
21234095 10 0 22133218 512
20251063 10 0 22133234 512
19792320 10 0 22133265 512
19857863 10 0 22133296 512
20185551 10 0 22133328 512
20709847 10 0 22133343 512
21103072 10 0 22133390 512
21103080 10 0 22133406 512
21103080 10 0 22133437 514
14615066 10 0 22133609 513
17105426 10 0 22133609 512
18088465 10 0 22133609 512
19005969 10 0 22133625 512
19268112 10 0 22133734 512
19071508 10 0 22133781 512
18678299 10 0 22133812 512
18022949 10 0 22133828 512
17433138 10 0 22133843 512
16843326 10 0 22133859 512
16450123 10 0 22133875 512
16515665 10 0 22133921 512
16515665 10 0 22133953 514
22938100 10 0 22134125 513
23003647 10 0 22134125 512
22807061 10 0 22134140 512
23069214 10 0 22134171 512
23593504 10 0 22134187 512
24248861 10 0 22134203 512
25035285 10 0 22134203 512
25756172 10 0 22134218 512
26477059 10 0 22134218 512
27263483 10 0 22134234 512
28049908 10 0 22134250 512
28639731 10 0 22134281 512
29032953 10 0 22134296 512
29098501 10 0 22134312 512
28967443 10 0 22134328 512
28639779 10 0 22134343 512
28312114 10 0 22134359 512
27918912 10 0 22134375 512
27591245 10 0 22134390 512
27591245 10 0 22134421 514
36569573 10 0 22134703 513
36569584 10 0 22134718 512
35979804 10 0 22134734 512
35390007 10 0 22134750 512
34800209 10 0 22134765 512
34538077 10 0 22134781 512
34341482 10 0 22134796 512
34472565 10 0 22134812 512
35062393 10 0 22134828 512
35717751 10 0 22134843 512
37487209 10 0 22134859 512
39387737 10 0 22134875 512
41091659 10 0 22134890 512
42009155 10 0 22134906 512
42795581 10 0 22134921 512
42926651 10 0 22134968 512
42598972 10 0 22134984 512
41943616 10 0 22135015 512
41157189 10 0 22135031 512
40436301 10 0 22135078 512
39977561 10 0 22135093 512
39649895 10 0 22135109 512
39387767 10 0 22135125 512
39191177 10 0 22135140 512
38994587 10 0 22135156 512
38863531 10 0 22135171 512
39060146 10 0 22135218 512
39060146 10 0 22135250 514
46793202 10 0 22135437 513
46596609 10 0 22135437 512
45941283 10 0 22135437 512
45679153 10 0 22135453 512
45351487 10 0 22135453 512
45089357 10 0 22135468 512
44761692 10 0 22135468 512
44434027 10 0 22135484 512
44171899 10 0 22135484 512
43844234 10 0 22135500 512
43582104 10 0 22135515 512
43451045 10 0 22135515 512
43319986 10 0 22135531 512
43188928 10 0 22135546 512
43057870 10 0 22135562 512
42795732 10 0 22135625 512
42795732 10 0 22135656 514
43647635 10 0 22135812 513
44630668 10 0 22135812 512
45875847 10 0 22135828 512
46793350 10 0 22135828 512
47710853 10 0 22135843 512
48628357 10 0 22135859 512
49480326 10 0 22135890 512
49480326 10 0 22135953 514
31392536 10 0 22136281 513
33751836 10 0 22136281 512
34538267 10 0 22136296 512
34538267 10 0 22136343 514
35783369 10 0 22136515 513
35717878 10 0 22136515 512
35521282 10 0 22136515 512
35259151 10 0 22136531 512
34997020 10 0 22136531 512
34734890 10 0 22136546 512
34472760 10 0 22136562 512
34276166 10 0 22136562 512
34079571 10 0 22136578 512
33882975 10 0 22136578 512
33751917 10 0 22136593 512
33555324 10 0 22136625 512
33555324 10 0 22136671 514
36963122 10 0 22136859 513
37094207 10 0 22136859 512
37290835 10 0 22136859 512
37618525 10 0 22136875 512
38273895 10 0 22136890 512
39060331 10 0 22136906 512
39977833 10 0 22136921 512
40764259 10 0 22136921 512
41485148 10 0 22136937 512
42140497 10 0 22136953 512
42533699 10 0 22136968 512
42730290 10 0 22136984 512
42599201 10 0 22137000 512
42205970 10 0 22137015 512
41485064 10 0 22137031 512
40567555 10 0 22137062 512
39650050 10 0 22137062 512
38732548 10 0 22137078 512
37946120 10 0 22137078 512
37159692 10 0 22137093 512
36438803 10 0 22137109 512
35848988 10 0 22137125 512
35390247 10 0 22137140 512
35390247 10 0 22137187 514
43189066 10 0 22137390 513
43975498 10 0 22137390 512
45024072 10 0 22137390 512
45744966 10 0 22137406 512
46531396 10 0 22137421 512
47317823 10 0 22137453 512
47907640 10 0 22137468 512
48300846 10 0 22137484 512
48300846 10 0 22137515 514
48562976 10 0 22137531 513
48825105 10 0 22137531 512
49021696 10 0 22137562 512
49283824 10 0 22137578 512
49414892 10 0 22137640 512
49349360 10 0 22137656 512
49283833 10 0 22137671 512
48890642 10 0 22137671 512
48694049 10 0 22137687 512
48497455 10 0 22137703 512
48235327 10 0 22137718 512
47776607 10 0 22137734 512
47383420 10 0 22137750 512
47121302 10 0 22137765 512
47055780 10 0 22137781 512
47055793 10 0 22137796 512
47055793 10 0 22137890 514
28705766 10 0 22138187 513
31261659 10 0 22138203 512
33489888 10 0 22138203 512
34472931 10 0 22138203 512
35390441 10 0 22138218 512
36111346 10 0 22138250 512
36701181 10 0 22138265 512
37159947 10 0 22138281 512
37422107 10 0 22138296 512
37487658 10 0 22138312 512
37356599 10 0 22138328 512
37160004 10 0 22138375 512
36701261 10 0 22138390 512
36701261 10 0 22138421 514
29230211 10 0 22138625 513
30344320 10 0 22138625 512
32507003 10 0 22138640 512
33490042 10 0 22138656 512
34604154 10 0 22138671 512
35718267 10 0 22138687 512
36832379 10 0 22138703 512
37815418 10 0 22138718 512
38667385 10 0 22138750 512
38667385 10 0 22138796 514
42533938 10 0 22138984 513
43385904 10 0 22138984 512
44500018 10 0 22139000 512
45286451 10 0 22139015 512
46138421 10 0 22139046 512
46466101 10 0 22139109 512
46335028 10 0 22139125 512
46335028 10 0 22139156 514
41681964 10 0 22139343 513
40830032 10 0 22139343 512
40502371 10 0 22139343 512
40240246 10 0 22139359 512
40043656 10 0 22139390 512
39978138 10 0 22139406 512
40174758 10 0 22139421 512
40699054 10 0 22139453 512
41419955 10 0 22139468 512
42271924 10 0 22139515 512
43123892 10 0 22139531 512
43975856 10 0 22139656 512
44500137 10 0 22139671 512
44958880 10 0 22139687 512
45417623 10 0 22139718 512
45745292 10 0 22139765 512
46007425 10 0 22139781 512
46138484 10 0 22139796 512
46204005 10 0 22139812 512
46138453 10 0 22139828 512
46072901 10 0 22139843 512
46007350 10 0 22139875 512
45876264 10 0 22139937 512
45548574 10 0 22139968 512
45548574 10 0 22140000 514
25887935 10 1498737 22142109 513
28509375 10 1498737 22142109 512
28509375 10 1498737 22142203 514
27853998 10 1498737 22142406 513
28312787 10 1498737 22142406 512
28312787 10 1498737 22142500 514
26083956 10 1498737 22143187 513
26935919 10 1498737 22143187 512
28443250 10 1498737 22143187 512
29295219 10 1498737 22143218 512
30147189 10 1498737 22143234 512
30147189 10 1498737 22143328 514
29098593 10 1498737 22143593 513
29360775 10 1498737 22143609 512
29426324 10 1498737 22143625 512
29557409 10 1498737 22143640 512
29557409 10 1498737 22143687 514
43057527 10 1498737 22144078 513
44892541 10 1498737 22144078 512
45678975 10 1498737 22144093 512
46203261 10 1498737 22144156 512
46203261 10 1498737 22144187 514
46596446 10 1498737 22144343 513
46268798 10 1498737 22144343 512
46006669 10 1498737 22144343 512
45810078 10 1498737 22144359 512
45613487 10 1498737 22144390 512
45482431 10 1498737 22144406 512
45351374 10 1498737 22144421 512
45351374 10 1498737 22144453 514
42599698 10 1498737 22144968 513
44500241 10 1498737 22144968 512
45417744 10 1498737 22144968 512
46269710 10 1498737 22145000 512
46728457 10 1498737 22145078 512
46728457 10 1498737 22145109 514
44827895 10 1498737 22145250 513
45155592 10 1498737 22145250 512
45483292 10 1498737 22145265 512
45286692 10 1498737 22145343 512
45286692 10 1498737 22145375 514
