70 140 660 1280
21037403 10 6471182 10155578 513
24117600 10 6471182 10155578 512
25297249 10 6471182 10155593 512
26345826 10 6471182 10155593 512
27394404 10 16759319 10155625 512
28311910 10 16759319 10155640 512
29098345 10 16759319 10155656 512
29950318 10 16759319 10155671 512
30671221 10 16759319 10155687 512
31129983 10 16759319 10155703 512
31195530 10 16759319 10155718 512
30802325 10 16759319 10155734 512
29491623 10 16759319 10155750 512
28770735 10 16759319 10155765 512
27328953 10 16759319 10155781 512
25887168 10 16759319 10155796 512
24969669 10 16759319 10155812 512
24052170 10 16759319 10155828 512
23593425 10 10766755 10155890 512
23790037 10 10766755 10155906 512
24314327 10 10766755 10155921 512
25166296 10 10766755 10155937 512
26083800 10 10766755 10155953 512
28115412 10 10766755 10155968 512
30474701 10 10766755 10155984 512
33227204 10 10766755 10156000 512
35979708 10 10766755 10156015 512
38470066 10 10766755 10156031 512
39649709 10 10766755 10156046 512
40567207 10 10766755 10156062 512
41484704 10 10766755 10156078 512
42140057 10 13217535 10156093 512
42205584 10 3550702 10156125 512
41615755 10 3550702 10156140 512
40829321 10 3550702 10156156 512
39846282 10 3550702 10156171 512
37945746 10 3550702 10156187 512
37093785 10 2588671 10156203 512
36110752 10 2588671 10156218 512
35586475 10 2588671 10156234 512
35652022 10 62207 10156250 512
36176320 10 62207 10156265 512
36897225 10 62207 10156281 512
37683665 10 1498737 10156296 512
38535641 10 1498737 10156312 512
39059939 10 1498737 10156343 512
38994411 10 6471182 10156375 512
38404593 10 6471182 10156390 512
37618166 10 6471182 10156406 512
36766202 10 6471182 10156406 512
35848701 10 16759319 10156421 512
35127809 10 16759319 10156421 512
34341380 10 16759319 10156453 512
33620487 10 16759319 10156468 512
32702987 10 14253376 10156484 512
31785486 10 14253376 10156500 512
30867984 10 14253376 10156515 512
30343693 10 10766755 10156578 512
30343689 10 10766755 10156593 512
30802436 10 13217535 10156609 512
31719936 10 13217535 10156625 512
32899582 10 13217535 10156640 512
34013695 10 13217535 10156656 512
34931202 10 3550702 10156687 512
35324424 10 3550702 10156718 512
35127824 10 2588671 10156734 512
34603543 10 2588671 10156750 512
33948190 10 2588671 10156750 512
33161763 10 2588671 10156765 512
32440872 10 2588671 10156765 512
31654446 10 62207 10156796 512
31523377 10 62207 10156843 512
31785523 10 1498737 10156859 512
32375348 10 1498737 10156859 512
33161780 10 1498737 10156875 512
34079285 10 1498737 10156890 512
34996791 10 1498737 10156906 512
35521085 10 6471182 10156937 512
35521092 10 6471182 10156953 512
34996813 10 6471182 10156968 512
34210388 10 16759319 10156984 512
33358427 10 16759319 10156984 512
32572003 10 16759319 10157000 512
31851115 10 16759319 10157031 512
31785589 10 14253376 10157062 512
32047740 10 14253376 10157078 512
32834179 10 14253376 10157093 512
33620617 10 10766755 10157125 512
34144912 10 10766755 10157156 512
34144919 10 13217535 10157171 512
33882782 10 13217535 10157187 512
33292964 10 13217535 10157187 512
32441004 10 13217535 10157203 512
31982260 10 3550702 10157250 512
31982267 10 3550702 10157265 512
32375488 10 3550702 10157281 512
33030852 10 2588671 10157312 512
33293001 10 62207 10157390 512
33030863 10 1498737 10157421 512
32506581 10 1498737 10157421 512
31785691 10 1498737 10157437 512
31064802 10 1498737 10157437 512
30343912 10 1498737 10157453 512
29557489 10 1498737 10157468 512
28836602 10 1498737 10157468 512
28246787 10 6471182 10157484 512
27656974 10 6471182 10157500 512
27132700 10 6471182 10157515 512
26805035 10 6471182 10157531 512
26739514 10 16759319 10157546 512
26936137 10 16759319 10157562 512
27394901 10 16759319 10157578 512
27984734 10 16759319 10157593 512
28705637 10 16759319 10157593 512
29492074 10 14253376 10157609 512
30344046 10 14253376 10157609 512
31261553 10 14253376 10157625 512
32244595 10 14253376 10157625 512
33358709 10 14253376 10157640 512
34407287 10 14253376 10157640 512
35521400 10 14253376 10157656 512
36635513 10 14253376 10157656 512
37749626 10 10766755 10157671 512
38798203 10 10766755 10157687 512
39846780 10 10766755 10157687 512
40698750 10 10766755 10157703 512
41616254 10 10766755 10157718 512
42009466 10 13217535 10157750 512
42009466 10 13217535 10157781 514
21234070 10 2588671 10158421 513
23789968 10 2588671 10158421 512
23789968 10 62207 10158484 514
21299636 10 3550702 10158953 513
23658931 10 3550702 10158968 512
23658931 10 2588671 10159031 514
