70 140 660 1280
27066672 10 1498737 14966828 513
26542375 10 1498737 14966828 512
27525394 10 1498737 14966828 512
28246286 10 1498737 14966843 512
29098254 10 1498737 14966859 512
29819155 10 1498737 14966890 512
30408986 10 1498737 14966906 512
30802212 10 1498737 14966921 512
30867759 10 1498737 14966937 512
30802234 10 1498737 14966953 512
30474564 10 1498737 14966968 512
29884747 10 1498737 14966984 512
29163854 10 1498737 14967000 512
28377422 10 1498737 14967015 512
27656522 10 1498737 14967046 512
27132225 10 1498737 14967078 512
27066677 10 1498737 14967093 512
27197736 10 1498737 14967109 512
27197736 10 1498737 14967187 514
22937960 10 1498737 14967453 513
24248708 10 1498737 14967453 512
25297288 10 1498737 14967453 512
26214796 10 1498737 14967468 512
27132305 10 1498737 14967468 512
27984277 10 1498737 14967484 512
28770713 10 1498737 14967484 512
29557148 10 1498737 14967500 512
30409120 10 1498737 14967500 512
31195555 10 1498737 14967515 512
31981990 10 1498737 14967515 512
32833961 10 1498737 14967546 512
33751468 10 1498737 14967562 512
34603440 10 1498737 14967578 512
34931122 10 1498737 14967656 512
34931122 10 1498737 14967671 514
24248771 10 1498737 14968046 513
23658988 10 1498737 14968062 512
23396859 10 1498737 14968078 512
23134729 10 1498737 14968093 512
23265812 10 1498737 14968109 512
23724568 10 1498737 14968140 512
24379927 10 1498737 14968156 512
25231889 10 1498737 14968171 512
26083848 10 1498737 14968187 512
26870273 10 1498737 14968203 512
27656699 10 1498737 14968218 512
28377589 10 1498737 14968250 512
28377589 10 1498737 14968328 514
26935832 10 1498737 14968578 513
27853365 10 1498737 14968578 512
27853365 10 1498737 14968625 514
29164073 10 1498737 14968859 513
29164073 10 1498737 14968859 514
31916547 10 1498737 14969062 513
31457831 10 1498737 14969062 512
31130163 10 1498737 14969062 512
30868031 10 1498737 14969093 512
30540362 10 1498737 14969109 512
30540368 10 1498737 14969171 512
30868049 10 1498737 14969203 512
31392334 10 1498737 14969218 512
32113225 10 1498737 14969250 512
32899652 10 1498737 14969265 512
33751619 10 1498737 14969281 512
34538052 10 1498737 14969296 512
35390025 10 1498737 14969312 512
35979856 10 1498737 14969328 512
36438617 10 1498737 14969343 512
36700772 10 1498737 14969375 512
36569711 10 1498737 14969390 512
36176506 10 1498737 14969406 512
35586690 10 1498737 14969421 512
34865799 10 1498737 14969437 512
34144903 10 1498737 14969468 512
33424002 10 1498737 14969484 512
32965241 10 1498737 14969500 512
32899693 10 1498737 14969515 512
33030753 10 1498737 14969546 512
33030753 10 1498737 14969625 514
23724724 10 1498737 14970062 513
22676186 10 1498737 14970062 512
22610663 10 1498737 14970062 512
22741747 10 1498737 14970109 512
23134969 10 1498737 14970140 512
23724792 10 1498737 14970156 512
24511219 10 1498737 14970171 512
25297645 10 1498737 14970187 512
26084071 10 1498737 14970203 512
26936030 10 1498737 14970218 512
26936030 10 1498737 14970296 514
26608363 10 1498737 14970468 513
26739449 10 1498737 14970468 512
26936074 10 1498737 14970468 512
27263762 10 1498737 14970562 512
27263762 10 1498737 14970593 514
31916739 10 1498737 14970828 513
31458027 10 1498737 14970843 512
30933771 10 1498737 14970859 512
30671642 10 1498737 14970875 512
30540584 10 1498737 14970890 512
30475061 10 1498737 14970906 512
30475061 10 1498737 14970968 514
30278461 10 1498737 14971125 513
32244539 10 1498737 14971140 512
33096506 10 1498737 14971156 512
33096506 10 1498737 14971187 514
34472702 10 1498737 14971406 513
36832008 10 1498737 14971406 512
37487375 10 1498737 14971421 512
37946136 10 1498737 14971437 512
38142757 10 1498737 14971453 512
38208308 10 1498737 14971468 512
38208325 10 1498737 14971484 512
38142805 10 1498737 14971500 512
38077283 10 1498737 14971515 512
38011760 10 1498737 14971546 512
38011760 10 1498737 14971656 514
