70 140 660 1280
23003297 10 0 16218218 513
23396502 10 0 16218218 512
24641662 10 0 16218234 512
25297014 10 0 16218234 512
26017903 10 0 16218250 512
26804334 10 0 16218281 512
27590767 10 0 16218296 512
28311668 10 0 16218328 512
28835965 10 0 16218343 512
29294727 10 0 16218375 512
29556883 10 0 16218390 512
29753503 10 0 16218421 512
29884588 10 0 16218437 512
29884600 10 0 16218468 512
29688003 10 0 16218484 512
29294796 10 0 16218500 512
28836053 10 0 16218531 512
28377311 10 0 16218562 512
27918568 10 0 16218578 512
27263215 10 0 16218609 512
26607858 10 0 16218640 512
25886962 10 0 16218687 512
25166062 10 0 16218734 512
24576233 10 0 16218765 512
23920866 10 0 16218796 512
23331034 10 0 16218828 512
22872273 10 0 16218859 512
22544583 10 0 16218906 512
22544583 10 0 16219015 514
17563961 10 0 16219406 513
18350392 10 0 16219406 512
19530040 10 0 16219421 512
20316472 10 0 16219421 512
21233976 10 0 16219437 512
22282553 10 0 16219453 512
23331129 10 0 16219468 512
24510777 10 0 16219484 512
25624889 10 0 16219515 512
26804540 10 0 16219531 512
27984191 10 0 16219546 512
29163842 10 0 16219562 512
30343494 10 0 16219578 512
31457610 10 0 16219593 512
32506190 10 0 16219609 512
33489232 10 0 16219625 512
34341202 10 0 16219640 512
35193173 10 0 16219671 512
35193173 10 0 16219734 514
19006022 10 0 16220531 513
19595842 10 0 16220546 512
22086185 10 0 16220562 512
22872611 10 0 16220578 512
23659038 10 0 16220593 512
24511001 10 0 16220593 512
25297428 10 0 16220609 512
26083852 10 0 16220625 512
26870277 10 0 16220671 512
26870277 10 0 16220750 514
22413866 10 0 16221171 513
24183364 10 0 16221171 512
24838731 10 0 16221187 512
25428563 10 0 16221218 512
26018397 10 0 16221234 512
26542693 10 0 16221250 512
27198058 10 0 16221312 512
27198058 10 0 16221375 514
16515782 10 0 16221953 513
19137232 10 0 16221953 512
20054737 10 0 16221953 512
20972241 10 0 16221984 512
21824210 10 0 16222000 512
22807250 10 0 16222015 512
23659219 10 0 16222031 512
24642259 10 0 16222046 512
25756372 10 0 16222078 512
26804948 10 0 16222093 512
27722452 10 0 16222109 512
28639956 10 0 16222125 512
28639956 10 0 16222250 514
24117973 10 0 16222687 513
23593717 10 0 16222687 512
23528194 10 0 16222703 512
23462672 10 0 16222734 512
23462672 10 0 16222828 514
32375419 10 0 16223375 513
32572017 10 0 16223390 512
34275923 10 0 16223406 512
34996814 10 0 16223421 512
35783243 10 0 16223453 512
36635210 10 0 16223484 512
37356108 10 0 16223500 512
38077006 10 0 16223515 512
38797908 10 0 16223546 512
39322206 10 0 16223562 512
39912038 10 0 16223609 512
40305265 10 0 16223625 512
40698492 10 0 16223640 512
40960648 10 0 16223671 512
41157268 10 0 16223687 512
41222817 10 0 16223718 512
41288368 10 0 16223734 512
40960699 10 0 16223765 512
40567493 10 0 16223781 512
40174290 10 0 16223796 512
39650012 10 0 16223828 512
39191269 10 0 16223843 512
38601453 10 0 16223875 512
37880564 10 0 16223890 512
37028600 10 0 16223921 512
36176634 10 0 16223953 512
35390199 10 0 16223984 512
34603762 10 0 16224015 512
34079467 10 0 16224031 512
33555169 10 0 16224062 512
33030871 10 0 16224078 512
32572110 10 0 16224093 512
32244418 10 0 16224109 512
32113335 10 0 16224140 512
32113322 10 0 16224156 512
32178844 10 0 16224187 512
32309902 10 0 16224203 512
32375425 10 0 16224250 512
32375425 10 0 16224343 514
18351064 10 0 16225234 513
17892348 10 0 16225234 512
17761288 10 0 16225250 512
17695764 10 0 16225265 512
17695776 10 0 16225281 512
17695789 10 0 16225312 512
17630266 10 0 16225328 512
17499206 10 0 16225343 512
17695821 10 0 16225468 512
17957965 10 0 16225500 512
18285641 10 0 16225515 512
18744386 10 0 16225531 512
19203129 10 0 16225562 512
19792942 10 0 16225578 512
20382756 10 0 16225593 512
20972570 10 0 16225609 512
21627920 10 0 16225625 512
22283271 10 0 16225656 512
22873086 10 0 16225671 512
23462901 10 0 16225687 512
24052717 10 0 16225703 512
24773604 10 0 16225718 512
25363419 10 0 16225765 512
25953235 10 0 16225796 512
26608590 10 0 16225812 512
26805198 10 0 16225906 512
26805198 10 0 16225937 514
21562406 10 0 16226359 513
22938693 10 0 16226375 512
23528527 10 0 16226390 512
24118360 10 0 16226390 512
24839264 10 0 16226421 512
25363560 10 0 16226437 512
25887849 10 0 16226515 512
26281061 10 0 16226531 512
26281061 10 0 16226562 514
30737293 10 0 16227046 513
31064983 10 0 16227046 512
31130538 10 0 16227062 512
30933942 10 0 16227062 512
30802882 10 0 16227078 512
30671821 10 0 16227093 512
30671834 10 0 16227109 512
30671847 10 0 16227140 512
30671861 10 0 16227156 512
30606338 10 0 16227171 512
30606352 10 0 16227187 512
30606366 10 0 16227203 512
30606379 10 0 16227218 512
30671929 10 0 16227234 512
30671942 10 0 16227250 512
30671956 10 0 16227265 512
30671969 10 0 16227281 512
30671981 10 0 16227296 512
30606457 10 0 16227328 512
30606457 10 0 16227453 514
30868523 10 0 16227843 513
33424431 10 0 16227843 512
34341937 10 0 16227859 512
35128372 10 0 16227906 512
35914807 10 0 16227937 512
35914807 10 0 16227984 514
35062710 10 0 16228765 513
37094323 10 0 16228781 512
37946289 10 0 16228796 512
38601647 10 0 16228921 512
39388081 10 0 16228984 512
40108984 10 0 16229000 512
40698818 10 0 16229046 512
41026511 10 0 16229062 512
41223133 10 0 16229093 512
41288684 10 0 16229109 512
41288697 10 0 16229125 512
41354248 10 0 16229140 512
41419799 10 0 16229156 512
41550886 10 0 16229171 512
41616437 10 0 16229187 512
41681989 10 0 16229203 512
41682004 10 0 16229234 512
41682019 10 0 16229250 512
41682034 10 0 16229265 512
41682049 10 0 16229281 512
41682063 10 0 16229296 512
41616539 10 0 16229296 512
41616539 10 0 16229375 514
