70 140 660 1280
29688162 10 0 21597453 513
30540121 10 0 21597453 512
31523155 10 0 21597468 512
32309587 10 0 21597468 512
33096021 10 0 21597484 512
33685851 10 0 21597515 512
33882469 10 0 21597531 512
33751407 10 0 21597546 512
33292664 10 0 21597546 512
32702850 10 0 21597562 512
31981962 10 0 21597562 512
31195538 10 0 21597578 512
30409112 10 0 21597593 512
29622685 10 0 21597593 512
28705185 10 0 21597609 512
27722146 10 0 21597625 512
26935710 10 0 21597656 512
26542488 10 0 21597656 512
26542480 10 0 21597671 512
26935688 10 0 21597671 512
27656574 10 0 21597687 512
28442997 10 0 21597703 512
29294957 10 0 21597703 512
30277991 10 0 21597718 512
30802280 10 0 21597750 512
30802280 10 0 21597781 514
22413804 10 0 21597937 513
22479351 10 0 21597937 512
25821691 10 0 21597937 512
26935801 10 0 21597953 512
28115447 10 0 21597953 512
29426165 10 0 21597968 512
30802419 10 0 21597968 512
32244209 10 0 21597984 512
33686000 10 0 21597984 512
35193327 10 0 21598000 512
36635118 10 0 21598015 512
38076909 10 0 21598015 512
39387629 10 0 21598031 512
40632813 10 0 21598031 512
41746926 10 0 21598046 512
42729967 10 0 21598046 512
42729967 10 0 21598093 514
26739275 10 0 21598328 513
25166456 10 0 21598328 512
24707715 10 0 21598328 512
24314511 10 0 21598343 512
24248981 10 0 21598375 512
24248981 10 0 21598406 514
29950558 10 0 21598562 513
28836475 10 0 21598578 512
28181124 10 0 21598593 512
28050057 10 0 21598625 512
28181129 10 0 21598640 512
28639879 10 0 21598656 512
30081658 10 0 21598671 512
30933618 10 0 21598687 512
32572003 10 0 21598703 512
33489501 10 0 21598718 512
34210398 10 0 21598734 512
34407011 10 0 21598765 512
34275948 10 0 21598781 512
33227391 10 0 21598796 512
31851151 10 0 21598812 512
31064727 10 0 21598828 512
30212766 10 0 21598921 512
29426343 10 0 21598937 512
28770992 10 0 21598953 512
28181177 10 0 21598968 512
28181177 10 0 21598984 514
30016185 10 0 21599109 513
28771029 10 0 21599109 512
27919069 10 0 21599125 512
27067109 10 0 21599125 512
26215148 10 0 21599140 512
25363187 10 0 21599140 512
24642297 10 0 21599156 512
23790333 10 0 21599171 512
22872832 10 0 21599187 512
22610689 10 0 21599281 512
22938371 10 0 21599296 512
23528196 10 0 21599296 512
24445700 10 0 21599312 512
25494276 10 0 21599312 512
26542852 10 0 21599328 512
27656965 10 0 21599328 512
28771077 10 0 21599343 512
29950725 10 0 21599359 512
30999301 10 0 21599359 512
32047877 10 0 21599375 512
32965380 10 0 21599375 512
33882882 10 0 21599390 512
33882882 10 0 21599421 514
18350898 10 0 21599656 513
21496628 10 0 21599656 512
22479669 10 0 21599671 512
23528246 10 0 21599671 512
24707895 10 0 21599687 512
25953079 10 0 21599687 512
27198263 10 0 21599703 512
28508983 10 0 21599703 512
29885238 10 0 21599718 512
31261494 10 0 21599718 512
32703285 10 0 21599734 512
34079542 10 0 21599750 512
35455798 10 0 21599750 512
36766519 10 0 21599765 512
38077240 10 0 21599765 512
39256888 10 0 21599781 512
40436537 10 0 21599781 512
41485113 10 0 21599796 512
42468153 10 0 21599796 512
43385657 10 0 21599812 512
44303160 10 0 21599828 512
44303160 10 0 21599859 514
23921540 10 0 21600125 513
23004047 10 0 21600125 512
21693364 10 0 21600125 512
21234624 10 0 21600140 512
20906958 10 0 21600140 512
20579293 10 0 21600156 512
20382699 10 0 21600156 512
20251642 10 0 21600171 512
20120585 10 0 21600187 512
20055063 10 0 21600187 512
19924006 10 0 21600203 512
19924020 10 0 21600203 512
19924033 10 0 21600218 512
20055121 10 0 21600234 512
20251743 10 0 21600250 512
20644967 10 0 21600265 512
21300327 10 0 21600281 512
21955681 10 0 21600296 512
22676566 10 0 21600296 512
23397447 10 0 21600312 512
24183861 10 0 21600312 512
24904738 10 0 21600328 512
25691150 10 0 21600328 512
26477563 10 0 21600343 512
27198440 10 0 21600359 512
27919316 10 0 21600375 512
28443584 10 0 21600375 512
28443584 10 0 21600406 514
31261519 10 0 21600531 513
30540675 10 0 21600531 512
30278546 10 0 21600546 512
30081953 10 0 21600546 512
29950897 10 0 21600562 512
29754306 10 0 21600562 512
29492180 10 0 21600578 512
29164519 10 0 21600593 512
28836858 10 0 21600593 512
28509197 10 0 21600609 512
28116001 10 0 21600609 512
27853876 10 0 21600625 512
27591750 10 0 21600625 512
27329623 10 0 21600640 512
27133031 10 0 21600656 512
27001972 10 0 21600687 512
26936441 10 0 21600703 512
27133045 10 0 21600718 512
27460716 10 0 21600734 512
27853919 10 0 21600734 512
28247120 10 0 21600750 512
28771393 10 0 21600765 512
29361200 10 0 21600765 512
30016543 10 0 21600781 512
30671885 10 0 21600781 512
31458299 10 0 21600796 512
32244714 10 0 21600796 512
32900058 10 0 21600812 512
33620940 10 0 21600812 512
34276288 10 0 21600828 512
34866102 10 0 21600828 512
35455915 10 0 21600859 512
36176801 10 0 21600875 512
37028759 10 0 21600890 512
37749646 10 0 21600906 512
37749646 10 0 21600937 514
33162218 10 0 21601031 513
32572409 10 0 21601031 512
31392786 10 0 21601031 512
31130648 10 0 21601046 512
30737445 10 0 21601062 512
30475313 10 0 21601078 512
30475325 10 0 21601093 512
30803017 10 0 21601109 512
31523923 10 0 21601125 512
32310363 10 0 21601140 512
33162338 10 0 21601140 512
34079848 10 0 21601156 512
34866286 10 0 21601156 512
35718260 10 0 21601171 512
36635770 10 0 21601171 512
37553281 10 0 21601187 512
38536328 10 0 21601203 512
39519374 10 0 21601203 512
40502419 10 0 21601218 512
41550999 10 0 21601218 512
42665115 10 0 21601234 512
43582624 10 0 21601234 512
43582624 10 0 21601265 514
