70 140 660 1280
21299452 10 14253376 10292984 513
21233930 10 14253376 10292984 512
23527679 10 14253376 10292984 512
24248579 10 10766755 10293000 512
24838409 10 10766755 10293031 512
25100562 10 13217535 10293062 512
25100572 10 13217535 10293078 512
24772903 10 13217535 10293093 512
24248624 10 3550702 10293125 512
24248624 10 3550702 10293156 514
19792199 10 16759319 10293437 513
21823821 10 16759319 10293437 512
22806864 10 16759319 10293437 512
23789906 10 16759319 10293468 512
24117586 10 14253376 10293515 512
23920976 10 14253376 10293546 512
23462225 10 10766755 10293593 512
22937943 10 13217535 10293625 512
22544736 10 13217535 10293640 512
22217066 10 13217535 10293656 512
21889396 10 3550702 10293703 512
21299579 10 3550702 10293734 512
20644224 10 2588671 10293750 512
20316549 10 62207 10293828 512
20382090 10 62207 10293843 512
20775308 10 62207 10293859 512
21496205 10 1498737 10293875 512
22282636 10 1498737 10293906 512
22544779 10 6471182 10293937 512
22413706 10 6471182 10293953 512
22020492 10 16759319 10294000 512
21758355 10 16759319 10294031 512
21627292 10 16759319 10294046 512
21823909 10 14253376 10294062 512
21823909 10 10766755 10294125 514
18416059 10 3550702 10294296 513
21496272 10 3550702 10294296 512
22413779 10 2588671 10294312 512
22413779 10 62207 10294406 514
19005923 10 13217535 10294781 513
18809333 10 13217535 10294796 512
21103111 10 13217535 10294812 512
21037586 10 3550702 10294828 512
20906526 10 3550702 10294859 512
20972072 10 2588671 10294890 512
21430831 10 2588671 10294921 512
22020657 10 62207 10294953 512
22676014 10 62207 10294968 512
23134768 10 6471182 10295078 512
23200310 10 6471182 10295093 512
23069247 10 6471182 10295109 512
22741577 10 16759319 10295140 512
22741577 10 16759319 10295171 514
19202654 10 13217535 10295343 513
21758574 10 13217535 10295343 512
22610544 10 13217535 10295359 512
22610544 10 3550702 10295421 514
23528015 10 1498737 10295562 513
24642129 10 1498737 10295562 512
25756254 10 1498737 10295562 512
26083944 10 1498737 10295578 512
26149494 10 1498737 10295593 512
25887363 10 1498737 10295609 512
25363086 10 6471182 10295640 512
25363086 10 16759319 10295687 514
20578954 10 62207 10296078 513
20251299 10 62207 10296078 512
23069340 10 62207 10296078 512
23528101 10 62207 10296093 512
23462575 10 62207 10296109 512
23134905 10 1498737 10296140 512
22479554 10 1498737 10296156 512
21627592 10 1498737 10296171 512
21037776 10 6471182 10296234 512
21037782 10 16759319 10296250 512
21431003 10 16759319 10296265 512
22151904 10 16759319 10296296 512
22479589 10 10766755 10296375 512
22479595 10 10766755 10296406 512
22217459 10 10766755 10296421 512
21955325 10 13217535 10296437 512
21758729 10 13217535 10296453 512
21627670 10 13217535 10296468 512
21562147 10 3550702 10296500 512
21562147 10 3550702 10296531 514
45416874 10 13217535 10297046 513
44433867 10 13217535 10297046 512
44040662 10 3550702 10297062 512
43909602 10 3550702 10297093 512
43975149 10 2588671 10297125 512
44106233 10 2588671 10297140 512
44106245 10 2588671 10297171 512
43909647 10 62207 10297187 512
43909647 10 62207 10297218 514
41878089 10 6471182 10297328 513
41878103 10 6471182 10297328 512
41615976 10 6471182 10297343 512
41419381 10 6471182 10297343 512
41157251 10 16759319 10297375 512
40895122 10 16759319 10297390 512
40632994 10 14253376 10297437 512
40633008 10 14253376 10297453 512
40829629 10 14253376 10297484 512
41026251 10 10766755 10297500 512
41157337 10 10766755 10297531 512
41091816 10 10766755 10297562 512
40895223 10 13217535 10297593 512
40633094 10 13217535 10297609 512
40633094 10 3550702 10297671 514
38994745 10 62207 10297781 513
38994757 10 62207 10297796 512
38536038 10 62207 10297812 512
38339443 10 62207 10297828 512
38077311 10 62207 10297843 512
37815178 10 1498737 10297859 512
37618582 10 6471182 10297890 512
37553058 10 6471182 10297906 512
37487536 10 6471182 10297921 512
37553085 10 16759319 10297953 512
37618635 10 16759319 10297968 512
37749722 10 16759319 10297984 512
37749736 10 16759319 10298000 512
37684214 10 14253376 10298015 512
37684214 10 14253376 10298062 514
50725713 10 14253376 10299140 513
50135919 10 14253376 10299140 512
49677178 10 14253376 10299156 512
49283975 10 14253376 10299171 512
48890772 10 10766755 10299203 512
48759714 10 10766755 10299218 512
48694192 10 10766755 10299234 512
48759741 10 13217535 10299250 512
48694218 10 13217535 10299281 512
48628695 10 13217535 10299296 512
48497637 10 3550702 10299328 512
48366578 10 3550702 10299343 512
48169984 10 2588671 10299375 512
47973390 10 2588671 10299406 512
47842332 10 2588671 10299421 512
47776809 10 62207 10299437 512
47711286 10 62207 10299453 512
47711299 10 62207 10299468 512
47645776 10 62207 10299484 512
47580252 10 1498737 10299500 512
47580264 10 1498737 10299531 512
47580264 10 6471182 10299562 514
29361097 10 1498737 10300109 513
28836801 10 1498737 10300109 512
27001802 10 1498737 10300109 512
26346449 10 6471182 10300125 512
25691099 10 6471182 10300140 512
25101286 10 6471182 10300156 512
24708083 10 6471182 10300171 512
24445952 10 16759319 10300187 512
24249357 10 16759319 10300203 512
24118299 10 16759319 10300218 512
23921705 10 16759319 10300234 512
23790647 10 14253376 10300250 512
23528518 10 14253376 10300265 512
23200854 10 14253376 10300296 512
22742117 10 10766755 10300312 512
22283378 10 10766755 10300328 512
21890174 10 10766755 10300343 512
21628041 10 10766755 10300359 512
21628041 10 13217535 10300390 514
