70 140 660 1280
20578796 10 2588671 10093015 513
20513248 10 2588671 10093015 512
21168572 10 2588671 10093015 512
21823917 10 2588671 10093031 512
22806941 10 2588671 10093046 512
23855502 10 2588671 10093046 512
25035136 10 2588671 10093062 512
26214772 10 2588671 10093062 512
27459946 10 62207 10093078 512
28574051 10 62207 10093078 512
29557087 10 62207 10093093 512
30474590 10 62207 10093109 512
31195492 10 62207 10093125 512
31719791 10 1498737 10093140 512
31850877 10 1498737 10093156 512
31719820 10 1498737 10093156 512
31261083 10 1498737 10093171 512
30671275 10 1498737 10093171 512
29884859 10 1498737 10093187 512
28967371 10 1498737 10093187 512
28049882 10 6471182 10093203 512
27066857 10 6471182 10093203 512
26149366 10 6471182 10093218 512
25362945 10 6471182 10093234 512
24576521 10 6471182 10093250 512
23790091 10 16759319 10093265 512
22938119 10 16759319 10093281 512
22151677 10 16759319 10093296 512
21430768 10 16759319 10093312 512
21103075 10 14253376 10093343 512
21103075 10 14253376 10093375 514
20120166 10 3550702 10093562 513
23659086 10 3550702 10093562 512
24838726 10 3550702 10093562 512
26018367 10 2588671 10093578 512
27198008 10 2588671 10093593 512
28377651 10 2588671 10093593 512
29360688 10 2588671 10093609 512
30278190 10 2588671 10093609 512
31195691 10 2588671 10093625 512
32047654 10 62207 10093640 512
32506398 10 62207 10093671 512
32506398 10 1498737 10093703 514
33227249 10 6471182 10093765 513
34341356 10 6471182 10093765 512
35914215 10 6471182 10093781 512
36831716 10 6471182 10093781 512
37618146 10 6471182 10093796 512
38470112 10 6471182 10093812 512
38863331 10 16759319 10093859 512
38797797 10 16759319 10093859 512
38404583 10 16759319 10093875 512
37683689 10 16759319 10093875 512
36831722 10 14253376 10093890 512
35914218 10 14253376 10093890 512
34996715 10 14253376 10093906 512
34079214 10 14253376 10093921 512
33227250 10 14253376 10093937 512
32571899 10 10766755 10093953 512
32047621 10 10766755 10093968 512
31654417 10 10766755 10093968 512
31392286 10 10766755 10093984 512
31195691 10 10766755 10093984 512
30999097 10 10766755 10094000 512
30802502 10 10766755 10094000 512
30671443 10 13217535 10094015 512
30736994 10 13217535 10094031 512
30999152 10 13217535 10094046 512
31654522 10 13217535 10094062 512
32440959 10 3550702 10094078 512
33358463 10 3550702 10094093 512
34210427 10 3550702 10094093 512
35062389 10 3550702 10094109 512
35848813 10 3550702 10094109 512
36569700 10 3550702 10094125 512
37356123 10 2588671 10094140 512
38011474 10 2588671 10094140 512
38666823 10 2588671 10094156 512
39191101 10 2588671 10094171 512
39649842 10 2588671 10094187 512
39911972 10 62207 10094218 512
39911954 10 62207 10094234 512
39780865 10 62207 10094250 512
39715312 10 1498737 10094265 512
39518697 10 1498737 10094296 512
39322090 10 1498737 10094312 512
38994416 10 1498737 10094312 512
38404602 10 6471182 10094328 512
37618180 10 6471182 10094328 512
36635152 10 6471182 10094343 512
36635152 10 6471182 10094375 514
23265905 10 10766755 10094515 513
22282869 10 10766755 10094515 512
21103258 10 10766755 10094531 512
20775592 10 10766755 10094531 512
20447927 10 10766755 10094546 512
20251334 10 10766755 10094546 512
20185813 10 10766755 10094562 512
20382434 10 13217535 10094578 512
20972263 10 13217535 10094609 512
21758695 10 13217535 10094609 512
22741728 10 13217535 10094625 512
23921364 10 13217535 10094625 512
25297605 10 3550702 10094640 512
26608309 10 3550702 10094640 512
27919014 10 3550702 10094656 512
29098647 10 3550702 10094656 512
30212746 10 3550702 10094671 512
31130239 10 3550702 10094671 512
32047736 10 2588671 10094703 512
32572023 10 2588671 10094718 512
32703100 10 2588671 10094734 512
32440964 10 2588671 10094750 512
31785613 10 2588671 10094750 512
30868117 10 62207 10094781 512
29819551 10 62207 10094796 512
28836521 10 62207 10094812 512
27853492 10 62207 10094828 512
27067071 10 62207 10094843 512
26739403 10 62207 10094859 512
27001555 10 62207 10094875 512
27656923 10 62207 10094890 512
28508898 10 62207 10094906 512
29360873 10 62207 10094921 512
29557482 10 6471182 10094968 512
29426409 10 6471182 10094984 512
28836580 10 6471182 10095000 512
28115681 10 6471182 10095015 512
27263713 10 16759319 10095031 512
26608358 10 16759319 10095046 512
26018542 10 16759319 10095062 512
24969989 10 16759319 10095078 512
24445714 10 16759319 10095093 512
23266092 10 16759319 10095109 512
22741816 10 16759319 10095125 512
22283074 10 16759319 10095140 512
22217545 10 14253376 10095187 512
22479691 10 14253376 10095203 512
23724867 10 14253376 10095218 512
25756464 10 14253376 10095234 512
28050205 10 14253376 10095250 512
30475026 10 14253376 10095265 512
31589135 10 14253376 10095281 512
33620749 10 14253376 10095296 512
34734863 10 14253376 10095312 512
35717909 10 14253376 10095328 512
36307743 10 14253376 10095343 512
36504365 10 10766755 10095359 512
36242234 10 10766755 10095375 512
34865999 10 10766755 10095390 512
34079572 10 10766755 10095406 512
33293142 10 10766755 10095421 512
32441160 10 10766755 10095421 512
32375612 10 13217535 10095421 512
32572207 10 13217535 10095437 512
32965408 10 13217535 10095437 512
33424146 10 3550702 10095453 512
34145028 10 3550702 10095453 512
34996983 10 3550702 10095468 512
35914476 10 3550702 10095468 512
36831971 10 3550702 10095484 512
37815007 10 3550702 10095500 512
38732513 10 2588671 10095515 512
39453417 10 2588671 10095531 512
39781112 10 2588671 10095546 512
39781128 10 2588671 10095562 512
39519000 10 2588671 10095562 512
38994727 10 62207 10095578 512
38273845 10 62207 10095578 512
37421890 10 62207 10095593 512
36504397 10 62207 10095593 512
35586903 10 62207 10095609 512
35586903 10 1498737 10095640 514
21496783 10 14253376 10095875 513
21103555 10 14253376 10095875 512
22545314 10 14253376 10095875 512
23528347 10 10766755 10095890 512
24249244 10 10766755 10095921 512
24839073 10 10766755 10095937 512
25232299 10 10766755 10095937 512
25494455 10 13217535 10095953 512
25560004 10 13217535 10095953 512
25494481 10 13217535 10095968 512
25232350 10 13217535 10095968 512
24904682 10 13217535 10095984 512
24445941 10 13217535 10095984 512
23856126 10 13217535 10096000 512
23069696 10 3550702 10096031 512
22479867 10 3550702 10096046 512
22021105 10 3550702 10096046 512
21824483 10 3550702 10096062 512
21693395 10 3550702 10096062 512
21824451 10 2588671 10096078 512
22086578 10 2588671 10096078 512
22414242 10 2588671 10096093 512
22807443 10 2588671 10096109 512
23200645 10 2588671 10096109 512
23790457 10 2588671 10096125 512
24576878 10 2588671 10096125 512
25690979 10 62207 10096140 512
26936155 10 62207 10096140 512
28246869 10 62207 10096156 512
29557585 10 62207 10096156 512
30671696 10 62207 10096171 512
31720276 10 62207 10096187 512
32441179 10 1498737 10096203 512
32834405 10 1498737 10096203 512
33031025 10 1498737 10096218 512
33031039 10 1498737 10096218 512
32834447 10 1498737 10096234 512
32572321 10 1498737 10096234 512
32244659 10 1498737 10096234 512
31851461 10 1498737 10096234 512
31523797 10 1498737 10096250 512
31065058 10 6471182 10096265 512
30671848 10 6471182 10096281 512
30344166 10 6471182 10096296 512
30147550 10 6471182 10096296 512
30147538 10 6471182 10096312 512
30213060 10 6471182 10096312 512
30409654 10 16759319 10096328 512
30606249 10 16759319 10096328 512
30933917 10 16759319 10096343 512
31392660 10 16759319 10096343 512
31982477 10 16759319 10096359 512
32834443 10 16759319 10096375 512
33489807 10 14253376 10096390 512
33948568 10 14253376 10096390 512
34145192 10 14253376 10096406 512
34014139 10 14253376 10096406 512
33752020 10 14253376 10096421 512
33358831 10 14253376 10096421 512
32900106 10 14253376 10096437 512
32441382 10 14253376 10096437 512
32048190 10 10766755 10096453 512
31720528 10 10766755 10096468 512
31720528 10 13217535 10096515 514
34866101 10 3550702 10096593 513
35849127 10 3550702 10096593 512
37487509 10 3550702 10096609 512
37290904 10 3550702 10096609 512
37946260 10 3550702 10096625 512
38667156 10 3550702 10096625 512
39322521 10 2588671 10096640 512
39781281 10 2588671 10096640 512
40174510 10 2588671 10096656 512
40436670 10 2588671 10096671 512
40502224 10 2588671 10096671 512
40436707 10 2588671 10096687 512
40174587 10 2588671 10096687 512
39715861 10 62207 10096703 512
39126066 10 62207 10096703 512
38339663 10 62207 10096718 512
38339663 10 62207 10096750 514
