70 140 660 1280
19398943 10 0 6007500 513
20185359 10 0 6007500 512
21233927 10 0 6007515 512
22020357 10 0 6007515 512
22872324 10 0 6007531 512
23658757 10 0 6007546 512
24314122 10 0 6007562 512
24707345 10 0 6007593 512
24772891 10 0 6007609 512
24510760 10 0 6007625 512
23986484 10 0 6007640 512
23200064 10 0 6007656 512
22282570 10 0 6007671 512
21365072 10 0 6007687 512
20447569 10 0 6007718 512
19726670 10 0 6007734 512
19267910 10 0 6007750 512
19005757 10 0 6007765 512
18874674 10 0 6007796 512
18874674 10 0 6007875 514
15073678 10 0 6008140 513
17826191 10 0 6008140 512
18743695 10 0 6008156 512
19923343 10 0 6008171 512
20906382 10 0 6008171 512
22020494 10 0 6008187 512
23200142 10 0 6008203 512
24379789 10 0 6008234 512
25362828 10 0 6008265 512
25362828 10 0 6008312 514
32702767 10 0 6008593 513
35586358 10 0 6008593 512
36503863 10 0 6008609 512
37486905 10 0 6008625 512
38404409 10 0 6008656 512
39321915 10 0 6008687 512
39846209 10 0 6008750 512
39977293 10 0 6008765 512
39846236 10 0 6008796 512
39584106 10 0 6008812 512
39190905 10 0 6008828 512
38928775 10 0 6008843 512
38666635 10 0 6008906 512
38666635 10 0 6008937 514
33161526 10 0 6009187 513
31392107 10 0 6009203 512
31129978 10 0 6009218 512
30998922 10 0 6009234 512
30933401 10 0 6009250 512
31130020 10 0 6009281 512
31719853 10 0 6009296 512
32506289 10 0 6009296 512
33358259 10 0 6009296 512
34275763 10 0 6009296 512
35389875 10 0 6009312 512
36569522 10 0 6009343 512
36569522 10 0 6009421 514
13632170 10 0 6009812 513
16253594 10 0 6009812 512
17236630 10 0 6009828 512
18088598 10 0 6009843 512
18743961 10 0 6009859 512
19464865 10 0 6009875 512
19923629 10 0 6009890 512
20054716 10 0 6009906 512
19923659 10 0 6009921 512
19464921 10 0 6009937 512
18744034 10 0 6009953 512
17892070 10 0 6009984 512
16974565 10 0 6010000 512
16188124 10 0 6010015 512
15729359 10 0 6010031 512
15467199 10 0 6010046 512
15336112 10 0 6010078 512
15401631 10 0 6010093 512
15401631 10 0 6010125 514
28049991 10 0 6010437 513
27329155 10 0 6010437 512
27198100 10 0 6010437 512
27067045 10 0 6010453 512
27001527 10 0 6010453 512
26936008 10 0 6010468 512
26870489 10 0 6010468 512
26870507 10 0 6010484 512
26804987 10 0 6010484 512
26739468 10 0 6010500 512
26739486 10 0 6010515 512
26673968 10 0 6010531 512
26673968 10 0 6010609 514
26673925 10 0 6010750 513
27394813 10 0 6010750 512
29557507 10 0 6010765 512
30409477 10 0 6010765 512
31195911 10 0 6010781 512
31982344 10 0 6010796 512
32768776 10 0 6010796 512
33555209 10 0 6010812 512
34341641 10 0 6010812 512
35259146 10 0 6010828 512
36242186 10 0 6010843 512
37159690 10 0 6010875 512
37487368 10 0 6010921 512
37487368 10 0 6010953 514
26673854 10 0 6011187 513
27656895 10 0 6011187 512
30409409 10 0 6011203 512
31392450 10 0 6011203 512
32244419 10 0 6011218 512
33292995 10 0 6011234 512
34276034 10 0 6011250 512
35259074 10 0 6011281 512
35717828 10 0 6011312 512
35717828 10 0 6011343 514
13763584 10 0 6011781 513
14812160 10 0 6011796 512
16843772 10 0 6011812 512
17630202 10 0 6011828 512
18351095 10 0 6011843 512
19071984 10 0 6011859 512
19596263 10 0 6011875 512
20120538 10 0 6011890 512
20513741 10 0 6011906 512
20906955 10 0 6011968 512
21103567 10 0 6011984 512
21169123 10 0 6012000 512
20972541 10 0 6012000 512
20841482 10 0 6012015 512
20710421 10 0 6012031 512
20579363 10 0 6012046 512
20513840 10 0 6012062 512
20513840 10 0 6012125 514
27657187 10 0 6012343 513
28640221 10 0 6012343 512
30213077 10 0 6012359 512
31196115 10 0 6012359 512
32113621 10 0 6012375 512
32834525 10 0 6012406 512
33227753 10 0 6012421 512
33358838 10 0 6012421 512
33293314 10 0 6012437 512
32965648 10 0 6012453 512
32375836 10 0 6012468 512
31589415 10 0 6012484 512
30606383 10 0 6012500 512
29492275 10 0 6012515 512
28640305 10 0 6012531 512
28050475 10 0 6012531 512
27591715 10 0 6012546 512
27264022 10 0 6012562 512
27264022 10 0 6012656 514
13829264 10 0 6012937 513
14484624 10 0 6012937 512
16450699 10 0 6012937 512
17237128 10 0 6012953 512
18154630 10 0 6012953 512
19072132 10 0 6012968 512
20120706 10 0 6012968 512
21169280 10 0 6012984 512
22283391 10 0 6012984 512
23397501 10 0 6013000 512
24511611 10 0 6013000 512
25625720 10 0 6013015 512
26739831 10 0 6013015 512
27722870 10 0 6013031 512
28705912 10 0 6013046 512
29557881 10 0 6013046 512
30540922 10 0 6013062 512
30999674 10 0 6013156 512
30999674 10 0 6013203 514
23069824 10 0 6013375 513
22676656 10 0 6013375 512
22611132 10 0 6013375 512
22545610 10 0 6013390 512
22545623 10 0 6013406 512
22545623 10 0 6013453 514
