70 140 660 1280
16253048 10 0 23034171 513
15466658 10 0 23034171 512
15073456 10 0 23034187 512
14876864 10 0 23034203 512
14680271 10 0 23034250 512
14876890 10 0 23034281 512
15401181 10 0 23034296 512
16187609 10 0 23034328 512
16974035 10 0 23034328 512
17825994 10 0 23034343 512
18546881 10 0 23034343 512
19333304 10 0 23034359 512
20054191 10 0 23034359 512
20775078 10 0 23034375 512
21495966 10 0 23034375 512
22216854 10 0 23034390 512
22282387 10 0 23034453 512
21954709 10 0 23034468 512
21299354 10 0 23034468 512
20578466 10 0 23034484 512
19792046 10 0 23034500 512
19267770 10 0 23034531 512
19267780 10 0 23034546 512
19595470 10 0 23034562 512
20054232 10 0 23034578 512
20775136 10 0 23034593 512
21627112 10 0 23034609 512
22413551 10 0 23034625 512
22610164 10 0 23034671 512
22610164 10 0 23034703 514
15532305 10 0 23034921 513
13893915 10 0 23034921 512
18088234 10 0 23034937 512
19202346 10 0 23034937 512
20381995 10 0 23034953 512
21430570 10 0 23034968 512
21758248 10 0 23035031 512
21561638 10 0 23035062 512
20971814 10 0 23035062 512
20185382 10 0 23035078 512
19661099 10 0 23035140 512
19398964 10 0 23035171 512
19267904 10 0 23035187 512
19267920 10 0 23035203 512
19202400 10 0 23035218 512
19202400 10 0 23035281 514
24903962 10 0 23035453 513
26149131 10 0 23035453 512
27459839 10 0 23035453 512
28377342 10 0 23035468 512
29294849 10 0 23035484 512
29819146 10 0 23035500 512
29884693 10 0 23035515 512
29491489 10 0 23035531 512
28705065 10 0 23035546 512
27787567 10 0 23035562 512
26804530 10 0 23035593 512
25952560 10 0 23035609 512
25362730 10 0 23035640 512
25035041 10 0 23035671 512
25166106 10 0 23035703 512
25100569 10 0 23035734 512
25100569 10 0 23035765 514
16449956 10 0 23036062 513
17301929 10 0 23036062 512
19005867 10 0 23036062 512
19857836 10 0 23036078 512
20382121 10 0 23036125 512
20316583 10 0 23036140 512
19792294 10 0 23036156 512
19005863 10 0 23036187 512
18284971 10 0 23036265 512
17564082 10 0 23036281 512
17039805 10 0 23036296 512
16777674 10 0 23036312 512
16581080 10 0 23036328 512
16318950 10 0 23036359 512
16384500 10 0 23036406 512
16712189 10 0 23036421 512
17302019 10 0 23036453 512
18088454 10 0 23036468 512
18940423 10 0 23036500 512
19399171 10 0 23036546 512
19399171 10 0 23036562 514
19726843 10 0 23036609 513
19923439 10 0 23036625 512
21627330 10 0 23036640 512
21955009 10 0 23036703 512
22217159 10 0 23036718 512
22282705 10 0 23036734 512
22282718 10 0 23036750 512
22151660 10 0 23036781 512
21955063 10 0 23036828 512
21561855 10 0 23036828 512
21561855 10 0 23036859 514
27984610 10 0 23039625 513
27984610 10 0 23039640 514
27984610 10 0 23039703 513
26936034 10 0 23039718 512
26936034 10 0 23039765 514
13894200 10 0 23040281 513
16974396 10 0 23040281 512
17760829 10 0 23040281 512
18743870 10 0 23040296 512
19661375 10 0 23040312 512
20709952 10 0 23040328 512
21758529 10 0 23040343 512
22741570 10 0 23040375 512
23593539 10 0 23040390 512
24248895 10 0 23040437 512
24248895 10 0 23040468 514
24773110 10 0 23040656 513
25100776 10 0 23040656 512
27394533 10 0 23040656 512
28312043 10 0 23040671 512
28836340 10 0 23040703 512
28967423 10 0 23040718 512
28836364 10 0 23040734 512
28574234 10 0 23040750 512
28115499 10 0 23040765 512
27787835 10 0 23040796 512
27787835 10 0 23040828 514
14484168 10 0 23041109 513
17695411 10 0 23041109 512
18612908 10 0 23041109 512
19661478 10 0 23041125 512
20644512 10 0 23041125 512
21627546 10 0 23041140 512
22545044 10 0 23041156 512
22938254 10 0 23041203 512
22872714 10 0 23041203 512
22413959 10 0 23041218 512
21693063 10 0 23041218 512
20841100 10 0 23041250 512
20382355 10 0 23041296 512
20316827 10 0 23041312 512
20644516 10 0 23041343 512
21234349 10 0 23041359 512
21955253 10 0 23041375 512
22872764 10 0 23041390 512
22938300 10 0 23041390 512
22872764 10 0 23041406 512
23069372 10 0 23041406 512
23528126 10 0 23041406 512
22872764 10 0 23041406 512
23593662 10 0 23041421 512
23528132 10 0 23041421 512
24838857 10 0 23041421 512
23528132 10 0 23041437 512
24969931 10 0 23041437 512
23528132 10 0 23041437 512
25428681 10 0 23041453 512
23528132 10 0 23041453 512
24969932 10 0 23041453 512
23528132 10 0 23041453 512
23986887 10 0 23041468 512
23528138 10 0 23041468 512
24183502 10 0 23041468 512
23528138 10 0 23041468 512
23855820 10 0 23041484 512
23528138 10 0 23041484 512
23593675 10 0 23041484 512
23003855 10 0 23041484 512
22020819 10 0 23041500 512
21299931 10 0 23041593 512
20906725 10 0 23041625 512
20710128 10 0 23041640 512
20579068 10 0 23041656 512
20644604 10 0 23041656 512
20579068 10 0 23041656 512
20906748 10 0 23041656 512
20579068 10 0 23041671 512
20775676 10 0 23041671 512
20579068 10 0 23041671 512
20251397 10 0 23041687 512
20251399 10 0 23041703 512
19661577 10 0 23041703 512
19399436 10 0 23041703 512
19661577 10 0 23041703 512
19071758 10 0 23041718 512
19661577 10 0 23041718 512
18875151 10 0 23041718 512
19661577 10 0 23041734 512
19661577 10 0 23041734 514
18809612 10 0 23041750 513
17761039 10 0 23041750 512
17564431 10 0 23041750 512
16646932 10 0 23041750 512
16646929 10 0 23041812 512
16646932 10 0 23041812 512
16646924 10 0 23041812 512
16646932 10 0 23041812 512
16712460 10 0 23041828 512
16646932 10 0 23041828 512
16712455 10 0 23041828 512
16188184 10 0 23041828 512
16188173 10 0 23041843 512
16188184 10 0 23041843 512
16253705 10 0 23041843 512
16515866 10 0 23041859 512
16646925 10 0 23041859 512
17236763 10 0 23041859 512
17433357 10 0 23041859 512
17564418 10 0 23041875 512
18154266 10 0 23041875 512
18154257 10 0 23041875 512
19137305 10 0 23041875 512
19333903 10 0 23041890 512
19137305 10 0 23041890 512
19202833 10 0 23041890 512
20185880 10 0 23041890 512
20185875 10 0 23041906 512
20185880 10 0 23041906 512
20185878 10 0 23041906 512
21168919 10 0 23041906 512
21234453 10 0 23041921 512
21168919 10 0 23041921 512
21955347 10 0 23041968 512
22545164 10 0 23041984 512
22545164 10 0 23042015 514
25625306 10 0 23042203 513
26149587 10 0 23042218 512
25756419 10 0 23042234 512
25756433 10 0 23042250 512
25821984 10 0 23042265 512
26215211 10 0 23042281 512
26805043 10 0 23042296 512
27657017 10 0 23042312 512
28705598 10 0 23042328 512
29885247 10 0 23042343 512
30933823 10 0 23042359 512
31916863 10 0 23042390 512
32506683 10 0 23042406 512
32637748 10 0 23042421 512
32637748 10 0 23042453 514
37880066 10 0 23042906 513
37486886 10 0 23042906 512
35782976 10 0 23042906 512
37486886 10 0 23042906 512
35782972 10 0 23042921 512
37290292 10 0 23042921 512
35979591 10 0 23042921 512
37290292 10 0 23042937 512
35914057 10 0 23042937 512
37290292 10 0 23042937 512
36307269 10 0 23042937 512
37290292 10 0 23042953 512
36831550 10 0 23042953 512
37290292 10 0 23042953 512
36897084 10 0 23042953 512
37159234 10 0 23042968 512
36962629 10 0 23042968 512
37159234 10 0 23042968 512
37421385 10 0 23042984 512
37355850 10 0 23043000 512
38011212 10 0 23043015 512
38732107 10 0 23043015 512
39518536 10 0 23043031 512
39387462 10 0 23043031 512
40304962 10 0 23043031 512
41091389 10 0 23043046 512
41091387 10 0 23043046 512
41877815 10 0 23043046 512
41877814 10 0 23043046 512
42664242 10 0 23043062 512
42664240 10 0 23043062 512
43450668 10 0 23043062 512
43450667 10 0 23043062 512
44237095 10 0 23043078 512
44237093 10 0 23043078 512
44237095 10 0 23043078 512
44237094 10 0 23043078 512
45089058 10 0 23043093 512
45154591 10 0 23043093 512
45220125 10 0 23043109 512
45089058 10 0 23043109 512
45220126 10 0 23043156 512
44761371 10 0 23043171 512
44040477 10 0 23043187 512
43254049 10 0 23043203 512
42664233 10 0 23043234 512
42467635 10 0 23043265 512
42664254 10 0 23043281 512
43123016 10 0 23043296 512
43647314 10 0 23043312 512
44171612 10 0 23043343 512
44302687 10 0 23043375 512
43975006 10 0 23043390 512
43450716 10 0 23043406 512
42795357 10 0 23043468 512
42467682 10 0 23043500 512
42467691 10 0 23043531 512
42467702 10 0 23043546 512
42336640 10 0 23043562 512
41877893 10 0 23043578 512
41222535 10 0 23043593 512
40305031 10 0 23043609 512
39256456 10 0 23043625 512
38273417 10 0 23043640 512
37945739 10 0 23043734 512
38142351 10 0 23043750 512
38601109 10 0 23043750 512
39256474 10 0 23043765 512
40042910 10 0 23043781 512
40894880 10 0 23043796 512
41812385 10 0 23043812 512
42729890 10 0 23043828 512
43581859 10 0 23043843 512
44237213 10 0 23043890 512
44499348 10 0 23043906 512
44761479 10 0 23043921 512
45089148 10 0 23043937 512
45482354 10 0 23043968 512
46137706 10 0 23043984 512
46989669 10 0 23044000 512
47972707 10 0 23044015 512
49021284 10 0 23044031 512
50004327 10 0 23044062 512
50790766 10 0 23044078 512
51315062 10 0 23044093 512
51577216 10 0 23044109 512
51577228 10 0 23044125 512
51380633 10 0 23044140 512
51118502 10 0 23044156 512
50659763 10 0 23044171 512
50004413 10 0 23044187 512
50004413 10 0 23044218 514
41091573 10 0 23044437 513
40370667 10 0 23044437 512
42861011 10 0 23044453 512
43909586 10 0 23044468 512
44892629 10 0 23044484 512
45547996 10 0 23044515 512
45810150 10 0 23044531 512
45679088 10 0 23044546 512
44892665 10 0 23044562 512
44040702 10 0 23044578 512
43188736 10 0 23044578 512
42271232 10 0 23044593 512
41484802 10 0 23044687 512
40960521 10 0 23044718 512
40567314 10 0 23044734 512
40174112 10 0 23044750 512
39977518 10 0 23044781 512
39911996 10 0 23044796 512
40108609 10 0 23044828 512
40108609 10 0 23044875 514
43778567 10 0 23045062 513
43581989 10 0 23045078 512
43254322 10 0 23045093 512
42664511 10 0 23045109 512
41878088 10 0 23045125 512
40960590 10 0 23045140 512
39912017 10 0 23045156 512
38928977 10 0 23045171 512
38470226 10 0 23045234 512
38601298 10 0 23045250 512
39322194 10 0 23045265 512
40108627 10 0 23045281 512
41026133 10 0 23045296 512
41943638 10 0 23045312 512
42861144 10 0 23045328 512
43713112 10 0 23045343 512
44499541 10 0 23045359 512
45154895 10 0 23045375 512
45679172 10 0 23045390 512
46137911 10 0 23045406 512
46662187 10 0 23045421 512
47120935 10 0 23045500 512
47383083 10 0 23045515 512
47514164 10 0 23045531 512
47514177 10 0 23045546 512
47383119 10 0 23045562 512
47252060 10 0 23045578 512
47252073 10 0 23045593 512
47514228 10 0 23045625 512
48038526 10 0 23045640 512
48693894 10 0 23045656 512
49545867 10 0 23045671 512
50397838 10 0 23045687 512
51184271 10 0 23045718 512
51643026 10 0 23045734 512
51511958 10 0 23045750 512
51053210 10 0 23045765 512
50332317 10 0 23045781 512
49414816 10 0 23045781 512
48497315 10 0 23045796 512
47448742 10 0 23045796 512
46400169 10 0 23045812 512
45286061 10 0 23045812 512
44171954 10 0 23045828 512
43188919 10 0 23045828 512
42140349 10 0 23045843 512
41026242 10 0 23045859 512
40764103 10 0 23045968 512
41026251 10 0 23045968 512
41550543 10 0 23045984 512
42271442 10 0 23045984 512
43123413 10 0 23046000 512
43516626 10 0 23046031 512
43582155 10 0 23046046 512
43582147 10 0 23046062 512
43451063 10 0 23046078 512
43385525 10 0 23046171 512
43385529 10 0 23046187 512
43451073 10 0 23046187 512
43451085 10 0 23046203 512
43516633 10 0 23046203 512
43516645 10 0 23046218 512
43385577 10 0 23046296 512
43320038 10 0 23046312 512
43516638 10 0 23046343 512
44106454 10 0 23046359 512
45023952 10 0 23046375 512
46072525 10 0 23046390 512
46990031 10 0 23046406 512
47579861 10 0 23046421 512
47776476 10 0 23046437 512
47579876 10 0 23046468 512
46990058 10 0 23046484 512
46138093 10 0 23046500 512
45351661 10 0 23046531 512
45351661 10 0 23046609 514
38601498 10 0 23046781 513
41747233 10 0 23046781 512
42599203 10 0 23046796 512
43385636 10 0 23046796 512
44172069 10 0 23046812 512
45089573 10 0 23046828 512
46138150 10 0 23046843 512
47252262 10 0 23046859 512
48300839 10 0 23046875 512
48825124 10 0 23046921 512
48890655 10 0 23046937 512
48562971 10 0 23046937 512
48038679 10 0 23046953 512
47121173 10 0 23046968 512
46269205 10 0 23046984 512
45417240 10 0 23047015 512
44827423 10 0 23047031 512
44303145 10 0 23047046 512
44041015 10 0 23047062 512
43975494 10 0 23047078 512
43975510 10 0 23047109 512
43909988 10 0 23047140 512
43582318 10 0 23047156 512
43058035 10 0 23047171 512
42402676 10 0 23047187 512
41485172 10 0 23047203 512
40633207 10 0 23047218 512
39912317 10 0 23047234 512
39453576 10 0 23047281 512
39191445 10 0 23047296 512
39191460 10 0 23047312 512
39257012 10 0 23047328 512
39257029 10 0 23047343 512
39322580 10 0 23047375 512
39584732 10 0 23047437 512
39977950 10 0 23047453 512
40371162 10 0 23047468 512
41026515 10 0 23047484 512
41681866 10 0 23047484 512
42402754 10 0 23047500 512
43058107 10 0 23047515 512
43254712 10 0 23047578 512
43451324 10 0 23047625 512
43844546 10 0 23047640 512
44499915 10 0 23047656 512
45417427 10 0 23047671 512
46400473 10 0 23047687 512
47383518 10 0 23047703 512
47514593 10 0 23047781 512
47186914 10 0 23047796 512
47186914 10 0 23047828 514
38208537 10 0 23048000 513
41616418 10 0 23048015 512
43779108 10 0 23048031 512
46007333 10 0 23048046 512
47907875 10 0 23048062 512
48890913 10 0 23048078 512
49153054 10 0 23048140 512
48956443 10 0 23048156 512
48497690 10 0 23048187 512
47973404 10 0 23048250 512
47449123 10 0 23048265 512
47055918 10 0 23048281 512
46793787 10 0 23048296 512
46662730 10 0 23048312 512
46531672 10 0 23048328 512
46466150 10 0 23048359 512
46531699 10 0 23048406 512
46531699 10 0 23048453 514
25035757 10 3550702 23052828 513
23790602 10 3550702 23052828 512
23594008 10 3550702 23052843 512
23659555 10 3550702 23052875 512
24052777 10 3550702 23052890 512
24708138 10 3550702 23052906 512
25560103 10 3550702 23052921 512
26608676 10 3550702 23052937 512
27657249 10 3550702 23052968 512
28640285 10 3550702 23052984 512
28967966 10 3550702 23053015 512
28640287 10 3550702 23053031 512
28116002 10 3550702 23053046 512
27460651 10 3550702 23053078 512
27329586 10 3550702 23053125 512
27591735 10 3550702 23053140 512
28247100 10 3550702 23053171 512
28902464 10 3550702 23053203 512
29164610 10 3550702 23053234 512
29164610 10 3550702 23053265 514
26149947 10 3550702 23053468 513
24773722 10 3550702 23053468 512
24183896 10 3550702 23053484 512
24052824 10 3550702 23053578 512
24249433 10 3550702 23053593 512
24773722 10 3550702 23053609 512
25560157 10 3550702 23053640 512
26543203 10 3550702 23053656 512
27460713 10 3550702 23053671 512
27460713 10 3550702 23053718 514
22217840 10 3550702 23053906 513
24118391 10 3550702 23053921 512
26412156 10 3550702 23053937 512
27460736 10 3550702 23053953 512
28378244 10 3550702 23053968 512
29164680 10 3550702 23053984 512
29295754 10 3550702 23054015 512
29295754 10 3550702 23054046 514
20579468 10 3550702 23054234 513
23069852 10 3550702 23054234 512
23856289 10 3550702 23054250 512
24511653 10 3550702 23054250 512
25167018 10 3550702 23054281 512
25298090 10 3550702 23054359 512
25298090 10 3550702 23054390 514
19137749 10 3550702 23054531 513
21300452 10 3550702 23054531 512
22283494 10 3550702 23054531 512
23397605 10 3550702 23054546 512
24380640 10 3550702 23054578 512
25101526 10 3550702 23054593 512
25560264 10 3550702 23054609 512
25822393 10 3550702 23054640 512
25691309 10 3550702 23054687 512
25167016 10 3550702 23054703 512
24708267 10 3550702 23054718 512
24118450 10 3550702 23054734 512
23397565 10 3550702 23054750 512
22807752 10 3550702 23054781 512
22545619 10 3550702 23054781 512
22611166 10 3550702 23054812 512
22611166 10 3550702 23054875 514
17302775 10 3550702 23055046 513
19268864 10 3550702 23055046 512
20251909 10 3550702 23055062 512
21300489 10 3550702 23055078 512
22283533 10 3550702 23055109 512
22611212 10 3550702 23055140 512
22414602 10 3550702 23055156 512
22086925 10 3550702 23055234 512
21759250 10 3550702 23055265 512
21431579 10 3550702 23055281 512
21103909 10 3550702 23055296 512
21103912 10 3550702 23055359 512
21103912 10 3550702 23055375 514
25887951 10 3550702 23055562 513
25822452 10 3550702 23055562 512
25756929 10 3550702 23055578 512
25756942 10 3550702 23055609 512
25953555 10 3550702 23055656 512
26412305 10 3550702 23055671 512
27002123 10 3550702 23055687 512
27657475 10 3550702 23055687 512
28378360 10 3550702 23055703 512
29033710 10 3550702 23055734 512
29754599 10 3550702 23055765 512
30475493 10 3550702 23055796 512
30999785 10 3550702 23055812 512
31393010 10 3550702 23055828 512
31589631 10 3550702 23055843 512
31589646 10 3550702 23055859 512
31458590 10 3550702 23055875 512
31327532 10 3550702 23055906 512
31130930 10 3550702 23055968 512
31130930 10 3550702 23056000 514
