70 140 660 1280
18284893 12 0 16812640 513
18612610 12 0 16812640 512
18612627 12 0 16812656 512
18612641 12 0 16812656 512
18547122 12 0 16812671 512
18547138 12 0 16812687 512
18547153 12 0 16812703 512
18678238 12 0 16812750 512
19071461 12 0 16812781 512
19595748 12 0 16812812 512
20251102 12 0 16812843 512
20906453 12 0 16812843 512
21561803 12 0 16812859 512
22086081 12 0 16812875 512
22675895 12 0 16812890 512
23331245 12 0 16812906 512
23986595 12 0 16812937 512
24641945 12 0 16812953 512
25362833 12 0 16812968 512
26083719 12 0 16812984 512
26673533 12 0 16812984 512
27263349 12 0 16813031 512
27263349 12 0 16813109 514
23593395 12 0 16813390 513
24576469 12 0 16813390 512
24969697 12 0 16813390 512
25428461 12 0 16813421 512
26018296 12 0 16813437 512
26477060 12 0 16813453 512
26477060 12 0 16813500 514
15139378 12 0 16813828 513
17826356 12 0 16813828 512
18874934 12 0 16813843 512
19857976 12 0 16813843 512
20775481 12 0 16813859 512
21627450 12 0 16813859 512
22479420 12 0 16813875 512
23527997 12 0 16813890 512
24445502 12 0 16813890 512
25494078 12 0 16813921 512
26542654 12 0 16813937 512
27460159 12 0 16813953 512
27787836 12 0 16814000 512
27656761 12 0 16814015 512
27066937 12 0 16814031 512
26214970 12 0 16814046 512
25166395 12 0 16814062 512
24117819 12 0 16814078 512
23200316 12 0 16814109 512
22348350 12 0 16814171 512
21692996 12 0 16814218 512
21299789 12 0 16814234 512
21103193 12 0 16814250 512
20972135 12 0 16814265 512
20906612 12 0 16814281 512
20906624 12 0 16814296 512
20906624 12 0 16814359 514
27394587 12 0 16814718 513
28115449 12 0 16814734 512
28770801 12 0 16814750 512
29622765 12 0 16814750 512
30474731 12 0 16814750 512
31261166 12 0 16814765 512
31982069 12 0 16814781 512
32506368 12 0 16814796 512
32834063 12 0 16814812 512
32965149 12 0 16814828 512
32899627 12 0 16814828 512
32768568 12 0 16814843 512
32571972 12 0 16814843 512
32309838 12 0 16814859 512
31982168 12 0 16814859 512
31654498 12 0 16814875 512
31130219 12 0 16814890 512
30605940 12 0 16814921 512
29885046 12 0 16814937 512
29295221 12 0 16814953 512
28705389 12 0 16814968 512
28312162 12 0 16815000 512
27918934 12 0 16815015 512
27787848 12 0 16815031 512
27787834 12 0 16815062 512
27918892 12 0 16815078 512
28312098 12 0 16815109 512
28836384 12 0 16815140 512
28836384 12 0 16815171 514
16843439 12 0 16815765 513
16843480 12 0 16815765 512
16777962 12 0 16815781 512
16712444 12 0 16815796 512
16646925 12 0 16815812 512
16712475 12 0 16815843 512
17040161 12 0 16815859 512
17564448 12 0 16815875 512
18154266 12 0 16815890 512
18809617 12 0 16815890 512
19399431 12 0 16815906 512
20054781 12 0 16815906 512
20710131 12 0 16815921 512
21299945 12 0 16815921 512
21955295 12 0 16815937 512
22610646 12 0 16815953 512
23265998 12 0 16815953 512
23921349 12 0 16815968 512
24707775 12 0 16815984 512
25035452 12 0 16816031 512
25035453 12 0 16816046 512
24642243 12 0 16816062 512
24052427 12 0 16816062 512
23397076 12 0 16816078 512
22741724 12 0 16816078 512
22086374 12 0 16816093 512
21431024 12 0 16816109 512
20841210 12 0 16816140 512
20513541 12 0 16816187 512
20448018 12 0 16816203 512
20513567 12 0 16816234 512
20841262 12 0 16816250 512
21234493 12 0 16816265 512
21562187 12 0 16816281 512
21889881 12 0 16816296 512
22020966 12 0 16816328 512
22020966 12 0 16816359 514
15270802 12 0 16816593 513
14549906 12 0 16816593 512
18744221 12 0 16816609 512
19530652 12 0 16816609 512
20317084 12 0 16816625 512
21037981 12 0 16816625 512
22021021 12 0 16816656 512
22938526 12 0 16816671 512
23856032 12 0 16816687 512
23856032 12 0 16816765 514
22938384 12 0 16817046 513
25101059 12 0 16817062 512
26936072 12 0 16817078 512
27919119 12 0 16817093 512
28836634 12 0 16817109 512
29557544 12 0 16817125 512
30409540 12 0 16817140 512
30540626 12 0 16817156 512
30606190 12 0 16817171 512
30409609 12 0 16817187 512
30147493 12 0 16817187 512
30016435 12 0 16817203 512
29819839 12 0 16817218 512
29557708 12 0 16817234 512
29098969 12 0 16817250 512
29098969 12 0 16817281 514
