70 140 660 1280
24707314 10 16777215 21562250 513
24183062 10 16777215 21562250 512
23986465 10 16777215 21562250 512
23855405 10 16777215 21562281 512
23658810 10 16777215 21562312 512
23527746 10 16777215 21562453 512
23527746 10 16777215 21562468 514
25166074 10 0 21564421 513
24641825 10 0 21564421 512
24445229 10 0 21564437 512
24248632 10 0 21564453 512
24052036 10 0 21564484 512
24117580 10 0 21564625 512
24510799 10 0 21564671 512
25166158 10 0 21564687 512
25821512 10 0 21564703 512
26476863 10 0 21564718 512
27263288 10 0 21564750 512
27984177 10 0 21564765 512
28705067 10 0 21564781 512
29491494 10 0 21564843 512
29491494 10 0 21564921 514
27525453 10 0 21565375 513
28442992 10 0 21565375 512
28442992 10 0 21565484 514
23134619 10 0 21565843 513
25166238 10 0 21565843 512
25887136 10 0 21565859 512
26608034 10 0 21565875 512
27394467 10 0 21565906 512
28180900 10 0 21565937 512
28377508 10 0 21566031 512
28377508 10 0 21566078 514
26476964 10 0 21566375 513
26345903 10 0 21566375 512
26214853 10 0 21566390 512
26214853 10 0 21566453 514
30343593 10 0 21566843 513
30605725 10 0 21566859 512
31326595 10 0 21566875 512
31785339 10 0 21566890 512
32440692 10 0 21566906 512
33096045 10 0 21566921 512
33948009 10 0 21566937 512
34799975 10 0 21566953 512
35651945 10 0 21566968 512
36307309 10 0 21566984 512
36831604 10 0 21567000 512
37159294 10 0 21567031 512
37355914 10 0 21567046 512
37421463 10 0 21567062 512
37290404 10 0 21567093 512
36831663 10 0 21567109 512
36241851 10 0 21567140 512
35389891 10 0 21567156 512
34537931 10 0 21567203 512
33620431 10 0 21567218 512
32833998 10 0 21567234 512
32244169 10 0 21567281 512
31654337 10 0 21567296 512
31261111 10 0 21567328 512
31064492 10 0 21567375 512
31064492 10 0 21567421 514
24642104 10 0 21567906 513
26411534 10 0 21567906 512
26935814 10 0 21567906 512
27656704 10 0 21567921 512
28443130 10 0 21567937 512
29295096 10 0 21567953 512
30147065 10 0 21567984 512
30867966 10 0 21568000 512
31392262 10 0 21568015 512
31719954 10 0 21568031 512
31785503 10 0 21568046 512
31719981 10 0 21568062 512
31392313 10 0 21568078 512
30868037 10 0 21568093 512
30278222 10 0 21568109 512
29557331 10 0 21568125 512
28901973 10 0 21568156 512
28115540 10 0 21568171 512
27329107 10 0 21568203 512
26673743 10 0 21568218 512
26149449 10 0 21568250 512
25887306 10 0 21568375 512
25821777 10 0 21568406 512
25821788 10 0 21568421 512
25821802 10 0 21568437 512
25690746 10 0 21568453 512
25625226 10 0 21568468 512
25625241 10 0 21568500 512
25756327 10 0 21568531 512
25756327 10 0 21568578 514
29360740 10 0 21569093 513
29295243 10 0 21569093 512
29229720 10 0 21569109 512
29229720 10 0 21569171 514
22545076 10 0 21569515 513
24576698 10 0 21569531 512
25625278 10 0 21569546 512
26673856 10 0 21569562 512
27722432 10 0 21569578 512
28771008 10 0 21569593 512
29819584 10 0 21569609 512
30737089 10 0 21569640 512
30737089 10 0 21569703 514
21299945 10 0 21570062 513
23855852 10 0 21570078 512
24904428 10 0 21570093 512
26018540 10 0 21570109 512
27132654 10 0 21570125 512
28312304 10 0 21570140 512
29360882 10 0 21570140 512
30409461 10 0 21570140 512
31326967 10 0 21570156 512
32244472 10 0 21570187 512
32244472 10 0 21570281 514
20906773 10 0 21570671 513
20579131 10 0 21570671 512
20513611 10 0 21570687 512
20513628 10 0 21570703 512
20644716 10 0 21570718 512
20841338 10 0 21570734 512
21169030 10 0 21570765 512
21693327 10 0 21570796 512
22414229 10 0 21570828 512
23135127 10 0 21570890 512
23724948 10 0 21570906 512
24183691 10 0 21570937 512
24511360 10 0 21570953 512
24707955 10 0 21570968 512
24904551 10 0 21570984 512
25101147 10 0 21571015 512
25297744 10 0 21571046 512
25625413 10 0 21571093 512
26084157 10 0 21571125 512
26673971 10 0 21571140 512
27263787 10 0 21571171 512
27919145 10 0 21571218 512
28508971 10 0 21571250 512
28967730 10 0 21571265 512
29229884 10 0 21571296 512
29295431 10 0 21571312 512
29295444 10 0 21571328 512
29360993 10 0 21571343 512
29295470 10 0 21571359 512
29295483 10 0 21571390 512
29295483 10 0 21571484 514
20317168 10 0 21571812 513
22807537 10 0 21571828 512
23790577 10 0 21571828 512
24773615 10 0 21571843 512
25756652 10 0 21571859 512
26674156 10 0 21571890 512
27526125 10 0 21571906 512
27526125 10 0 21571984 514
31458213 10 0 21572328 513
34014105 10 0 21572328 512
34866070 10 0 21572328 512
35652502 10 0 21572437 512
36242330 10 0 21572468 512
36635553 10 0 21572484 512
36832170 10 0 21572500 512
36701109 10 0 21572515 512
36570048 10 0 21572531 512
36504524 10 0 21572546 512
36439000 10 0 21572578 512
36373476 10 0 21572640 512
36111341 10 0 21572687 512
35652595 10 0 21572734 512
34997239 10 0 21572750 512
34210810 10 0 21572781 512
33424381 10 0 21572812 512
32637952 10 0 21572890 512
31982590 10 0 21572953 512
31589368 10 0 21572984 512
31458287 10 0 21573000 512
31523811 10 0 21573015 512
31589334 10 0 21573031 512
31720393 10 0 21573031 512
31785916 10 0 21573046 512
31851438 10 0 21573078 512
31851438 10 0 21573203 514
