70 140 660 1280
26018037 10 0 15474890 513
25231604 10 0 15474890 512
23068937 10 0 15474890 512
22413586 10 0 15474906 512
21758235 10 0 15474906 512
21233957 10 0 15474921 512
20644145 10 0 15474937 512
20316477 10 0 15474953 512
20119882 10 0 15474968 512
20316502 10 0 15474984 512
20971870 10 0 15475015 512
21692771 10 0 15475031 512
22544740 10 0 15475046 512
23396708 10 0 15475062 512
25035104 10 0 15475078 512
26607961 10 0 15475093 512
27525461 10 0 15475109 512
28508498 10 0 15475125 512
28967248 10 0 15475171 512
28836175 10 0 15475187 512
28442959 10 0 15475218 512
27853139 10 0 15475234 512
27328857 10 0 15475265 512
27197797 10 0 15475328 512
27328882 10 0 15475343 512
27394434 10 0 15475375 512
27394434 10 0 15475406 514
21758356 10 0 15475656 513
21102993 10 0 15475656 512
25035174 10 0 15475656 512
25887143 10 0 15475656 512
26804651 10 0 15475671 512
27787695 10 0 15475687 512
28770738 10 0 15475703 512
29032887 10 0 15475781 512
28836283 10 0 15475796 512
28311995 10 0 15475828 512
27722167 10 0 15475843 512
27132345 10 0 15475890 512
26673599 10 0 15475921 512
26411466 10 0 15475937 512
26149335 10 0 15475953 512
26149335 10 0 15475984 514
35979674 10 0 15476203 513
37159324 10 0 15476203 512
38142376 10 0 15476218 512
38666674 10 0 15476218 512
38928829 10 0 15476234 512
38863303 10 0 15476250 512
38535631 10 0 15476250 512
37945815 10 0 15476265 512
37093853 10 0 15476296 512
36110817 10 0 15476312 512
35062243 10 0 15476328 512
34144736 10 0 15476343 512
33554905 10 0 15476359 512
33358287 10 0 15476375 512
33489346 10 0 15476390 512
34013621 10 0 15476406 512
34603435 10 0 15476421 512
35389858 10 0 15476437 512
36176286 10 0 15476453 512
36766112 10 0 15476468 512
36766112 10 0 15476500 514
20906587 10 0 15476812 513
23593572 10 0 15476812 512
23593572 10 0 15476843 514
28049954 10 0 15476984 513
27787821 10 0 15476984 512
26739273 10 0 15476984 512
26346068 10 0 15477000 512
26018399 10 0 15477000 512
25756267 10 0 15477015 512
25559670 10 0 15477046 512
25625216 10 0 15477062 512
26149509 10 0 15477078 512
26804870 10 0 15477093 512
27525763 10 0 15477093 512
28312189 10 0 15477109 512
29098614 10 0 15477109 512
29885039 10 0 15477125 512
30737001 10 0 15477140 512
31523427 10 0 15477140 512
32375391 10 0 15477156 512
33292893 10 0 15477171 512
34079329 10 0 15477203 512
34407016 10 0 15477218 512
34275955 10 0 15477234 512
33751679 10 0 15477250 512
32899724 10 0 15477265 512
31851157 10 0 15477281 512
30933658 10 0 15477312 512
30016154 10 0 15477328 512
29491861 10 0 15477359 512
28967574 10 0 15477437 512
28639901 10 0 15477453 512
28312233 10 0 15477468 512
27919030 10 0 15477468 512
27460290 10 0 15477484 512
27067085 10 0 15477500 512
27067085 10 0 15477593 514
30802591 10 0 15477718 513
30868140 10 0 15477718 512
29491922 10 0 15477718 512
28771039 10 0 15477734 512
28115691 10 0 15477750 512
27460341 10 0 15477765 512
27460341 10 0 15477796 514
25428715 10 0 15477953 513
26280680 10 0 15477968 512
29754099 10 0 15477984 512
30933750 10 0 15478000 512
32047863 10 0 15478015 512
33161976 10 0 15478031 512
33161976 10 0 15478093 514
24773396 10 0 15478281 513
27656988 10 0 15478296 512
29229853 10 0 15478312 512
30868253 10 0 15478328 512
32441120 10 0 15478343 512
33358625 10 0 15478359 512
34210594 10 0 15478375 512
34341666 10 0 15478421 512
34079524 10 0 15478437 512
33489701 10 0 15478453 512
31720233 10 0 15478468 512
31720233 10 0 15478484 514
23528274 10 0 15478609 513
26215257 10 0 15478609 512
27067226 10 0 15478625 512
27919195 10 0 15478625 512
28771165 10 0 15478640 512
29623134 10 0 15478656 512
30540639 10 0 15478671 512
31523679 10 0 15478687 512
31916894 10 0 15478734 512
31851357 10 0 15478750 512
31458142 10 0 15478750 512
30737246 10 0 15478765 512
29885277 10 0 15478765 512
28902237 10 0 15478781 512
27984732 10 0 15478781 512
27067229 10 0 15478796 512
26215263 10 0 15478812 512
25297761 10 0 15478843 512
24576871 10 0 15478859 512
24052594 10 0 15478875 512
23724926 10 0 15478890 512
23724940 10 0 15478906 512
23856027 10 0 15478921 512
24445864 10 0 15478937 512
25232302 10 0 15478953 512
26215344 10 0 15478968 512
27132847 10 0 15478984 512
28246953 10 0 15479000 512
29164450 10 0 15479000 512
29950874 10 0 15479015 512
30802833 10 0 15479031 512
31523719 10 0 15479046 512
31720319 10 0 15479093 512
31589243 10 0 15479093 512
31589243 10 0 15479125 514
21300200 10 0 15479312 513
24118255 10 0 15479312 512
24970221 10 0 15479312 512
25691115 10 0 15479328 512
26477545 10 0 15479343 512
27198440 10 0 15479343 512
27984872 10 0 15479359 512
28705768 10 0 15479359 512
29688807 10 0 15479375 512
30671844 10 0 15479390 512
31523808 10 0 15479406 512
31523808 10 0 15479453 514
31916977 10 0 15479593 513
33096628 10 0 15479593 512
34341812 10 0 15479593 512
35128245 10 0 15479609 512
36045752 10 0 15479625 512
36766655 10 0 15479671 512
37094347 10 0 15479687 512
37094360 10 0 15479687 512
36832229 10 0 15479703 512
36373492 10 0 15479703 512
35783683 10 0 15479718 512
35193874 10 0 15479718 512
34735138 10 0 15479734 512
34276401 10 0 15479734 512
33948734 10 0 15479750 512
33555532 10 0 15479765 512
33293403 10 0 15479781 512
33031272 10 0 15479812 512
33031272 10 0 15479890 514
