70 140 660 1280
25886983 10 6471182 2494296 513
26411260 10 6471182 2494296 512
23265584 10 6471182 2494312 512
22741305 10 6471182 2494312 512
22348100 10 6471182 2494328 512
22085967 10 6471182 2494343 512
22151513 10 16759319 2494375 512
22806877 10 16759319 2494390 512
23593309 10 16759319 2494390 512
24576346 10 16759319 2494406 512
25493845 10 16759319 2494406 512
26476880 10 14253376 2494421 512
27394380 10 14253376 2494421 512
28311879 10 14253376 2494437 512
29294914 10 14253376 2494453 512
30212413 10 14253376 2494453 512
31064377 10 14253376 2494468 512
31981878 10 10766755 2494484 512
32178487 10 13217535 2494546 512
31981881 10 13217535 2494546 512
31981881 10 13217535 2494578 514
26280289 10 62207 2494750 513
26739050 10 62207 2494750 512
28836223 10 62207 2494750 512
29688198 10 62207 2494765 512
29950347 10 1498737 2494812 512
29688205 10 1498737 2494828 512
29032845 10 1498737 2494843 512
28377488 10 6471182 2494875 512
27722135 10 6471182 2494890 512
27066782 10 16759319 2494921 512
26542505 10 16759319 2494937 512
25887157 10 16759319 2494953 512
25231806 10 16759319 2494968 512
24314307 10 14253376 2495031 512
23265734 10 10766755 2495062 512
22086088 10 10766755 2495078 512
21627338 10 13217535 2495125 512
21889485 10 13217535 2495140 512
22479312 10 13217535 2495156 512
23462356 10 13217535 2495156 512
24379863 10 3550702 2495171 512
25362906 10 3550702 2495171 512
26477021 10 3550702 2495187 512
27525600 10 3550702 2495203 512
28574179 10 3550702 2495218 512
29557221 10 2588671 2495250 512
30015971 10 2588671 2495281 512
30015971 10 62207 2495312 514
31523237 10 6471182 2495453 513
32244134 10 6471182 2495453 512
33489321 10 6471182 2495468 512
34406826 10 6471182 2495468 512
35455405 10 16759319 2495484 512
36372914 10 16759319 2495500 512
37028283 10 16759319 2495515 512
37355973 10 16759319 2495531 512
37487056 10 14253376 2495546 512
37355996 10 14253376 2495546 512
37093864 10 14253376 2495562 512
36766197 10 14253376 2495578 512
36372992 10 14253376 2495593 512
35848713 10 10766755 2495609 512
35848713 10 10766755 2495640 514
24904244 10 62207 2495890 513
22020703 10 62207 2495890 512
21561963 10 62207 2495890 512
21299832 10 62207 2495906 512
21234308 10 1498737 2495921 512
21627532 10 1498737 2495937 512
22348431 10 1498737 2495953 512
23134863 10 1498737 2495968 512
24117899 10 1498737 2495968 512
25166469 10 6471182 2495984 512
26149501 10 6471182 2495984 512
27132534 10 6471182 2496000 512
28115567 10 6471182 2496000 512
28901994 10 6471182 2496015 512
29753957 10 6471182 2496031 512
29950564 10 16759319 2496093 512
29753958 10 16759319 2496093 512
29229673 10 14253376 2496125 512
28508780 10 14253376 2496140 512
27001460 10 14253376 2496156 512
26280570 10 14253376 2496171 512
25887362 10 10766755 2496218 512
25821836 10 10766755 2496234 512
26083989 10 10766755 2496250 512
26608286 10 10766755 2496265 512
27394727 10 13217535 2496281 512
28312239 10 13217535 2496296 512
28705463 10 3550702 2496359 512
28443326 10 2588671 2496375 512
28443326 10 2588671 2496390 514
18416346 10 6471182 2496578 513
22086375 10 6471182 2496593 512
25428719 10 6471182 2496609 512
27525876 10 6471182 2496625 512
28443381 10 6471182 2496640 512
29295350 10 6471182 2496656 512
30278392 10 6471182 2496671 512
31130361 10 6471182 2496687 512
31458043 10 16759319 2496703 512
31326973 10 16759319 2496718 512
31326973 10 16759319 2496734 514
16450352 10 3550702 2496937 513
17236793 10 3550702 2496937 512
18350916 10 3550702 2496953 512
19006277 10 3550702 2496968 512
19727172 10 2588671 2496984 512
20316992 10 2588671 2497015 512
20644673 10 62207 2497062 512
20775753 10 62207 2497078 512
20710228 10 62207 2497093 512
20775775 10 1498737 2497125 512
21168998 10 1498737 2497140 512
21693287 10 1498737 2497156 512
22348642 10 1498737 2497156 512
23135068 10 6471182 2497171 512
23855955 10 6471182 2497171 512
24642378 10 6471182 2497187 512
25428803 10 6471182 2497187 512
26280766 10 6471182 2497203 512
27132731 10 6471182 2497218 512
27853629 10 16759319 2497234 512
28443461 10 16759319 2497250 512
28640081 10 16759319 2497265 512
28509022 10 16759319 2497281 512
28115817 10 16759319 2497281 512
27591537 10 14253376 2497296 512
26870648 10 14253376 2497312 512
26149757 10 14253376 2497312 512
25232257 10 14253376 2497328 512
24314753 10 14253376 2497343 512
23462781 10 10766755 2497359 512
22807415 10 10766755 2497406 512
22283126 10 13217535 2497437 512
21889914 10 13217535 2497437 512
21562242 10 13217535 2497453 512
21234572 10 13217535 2497453 512
20972440 10 13217535 2497468 512
20710308 10 13217535 2497484 512
20513715 10 3550702 2497500 512
20317120 10 3550702 2497515 512
20317125 10 2588671 2497546 512
20317125 10 2588671 2497578 514
25297808 10 1498737 2497687 513
25232291 10 1498737 2497687 512
24773555 10 1498737 2497703 512
24511423 10 1498737 2497703 512
24314827 10 6471182 2497734 512
23790548 10 6471182 2497750 512
23266266 10 6471182 2497765 512
23266266 10 16759319 2497796 514
17826780 10 14253376 2497906 513
18613215 10 14253376 2497906 512
20382688 10 14253376 2497906 512
21234656 10 10766755 2497921 512
22086625 10 10766755 2497921 512
22938593 10 10766755 2497937 512
23790562 10 10766755 2497953 512
24576995 10 10766755 2497953 512
25297892 10 10766755 2497968 512
26280933 10 13217535 2497984 512
27198438 10 13217535 2498000 512
27984867 10 3550702 2498062 512
27984867 10 3550702 2498093 514
29688725 10 1498737 2498234 513
30344081 10 1498737 2498234 512
31785868 10 1498737 2498234 512
32834444 10 1498737 2498250 512
33883022 10 1498737 2498265 512
34669460 10 6471182 2498296 512
35128221 10 6471182 2498296 512
35390376 10 6471182 2498312 512
35521461 10 6471182 2498312 512
35455938 10 6471182 2498328 512
35259343 10 6471182 2498328 512
34931677 10 6471182 2498343 512
34604010 10 6471182 2498343 512
34276342 10 16759319 2498359 512
33948675 10 16759319 2498375 512
33948675 10 14253376 2498453 514
