70 140 660 1280
21496134 10 0 10402890 513
21496170 10 0 10402890 512
21430646 10 0 10402890 512
21365123 10 0 10402921 512
21365135 10 0 10402937 512
21430683 10 0 10402968 512
21692833 10 0 10403093 512
22020515 10 0 10403109 512
22413728 10 0 10403140 512
22806938 10 0 10403156 512
23265682 10 0 10403187 512
23724425 10 0 10403203 512
24314240 10 0 10403234 512
24904055 10 0 10403250 512
25559407 10 0 10403281 512
26149223 10 0 10403281 512
26739036 10 0 10403296 512
27394388 10 0 10403328 512
27918668 10 0 10403343 512
27918668 10 0 10403484 514
25821563 10 0 10404015 513
27656604 10 0 10404015 512
27656604 10 0 10404093 514
24904102 10 0 10404734 513
25428420 10 0 10404734 512
25428432 10 0 10404750 512
25428444 10 0 10404796 512
25428456 10 0 10404859 512
25231856 10 0 10404906 512
25231856 10 0 10404937 514
20709891 10 0 10405406 513
22479356 10 0 10405421 512
23265785 10 0 10405421 512
24117752 10 0 10405421 512
24969720 10 0 10405437 512
25887224 10 0 10405453 512
26870261 10 0 10405468 512
27918833 10 0 10405484 512
28901869 10 0 10405500 512
29819370 10 0 10405515 512
30671335 10 0 10405546 512
30671335 10 0 10405687 514
31916468 10 0 10406046 513
32965035 10 0 10406046 512
34275749 10 0 10406046 512
34931110 10 0 10406093 512
35389867 10 0 10406109 512
35652021 10 0 10406140 512
35717568 10 0 10406156 512
35717580 10 0 10406171 512
35652055 10 0 10406187 512
35455458 10 0 10406203 512
35062253 10 0 10406234 512
34537975 10 0 10406250 512
33882621 10 0 10406281 512
33227261 10 0 10406312 512
32637432 10 0 10406328 512
32244208 10 0 10406359 512
31982053 10 0 10406375 512
31916505 10 0 10406390 512
31916493 10 0 10406421 512
31982017 10 0 10406453 512
31982017 10 0 10406500 514
22413919 10 0 10407281 513
24576589 10 0 10407281 512
25363022 10 0 10407281 512
26214991 10 0 10407312 512
26214991 10 0 10407453 514
22217303 10 0 10407828 513
22545018 10 0 10407843 512
22545031 10 0 10407859 512
22545043 10 0 10407875 512
22479520 10 0 10407906 512
22413995 10 0 10407937 512
22741685 10 0 10407968 512
23265979 10 0 10407984 512
23986877 10 0 10408046 512
24838844 10 0 10408062 512
25559734 10 0 10408093 512
26346160 10 0 10408109 512
27067052 10 0 10408140 512
27460266 10 0 10408265 512
27460266 10 0 10408281 514
26935890 10 0 10408640 513
27263609 10 0 10408640 512
27329160 10 0 10408656 512
27460247 10 0 10408671 512
27656867 10 0 10408734 512
27853487 10 0 10408750 512
27722425 10 0 10408781 512
27263680 10 0 10408796 512
27263680 10 0 10408859 514
21758694 10 0 10409187 513
24117990 10 0 10409187 512
25035493 10 0 10409187 512
25887459 10 0 10409203 512
26804962 10 0 10409218 512
27525855 10 0 10409234 512
28377820 10 0 10409265 512
29295321 10 0 10409296 512
30147286 10 0 10409312 512
30540498 10 0 10409390 512
30540494 10 0 10409406 512
30343879 10 0 10409437 512
30212799 10 0 10409484 512
30343862 10 0 10409500 512
30671535 10 0 10409531 512
31261352 10 0 10409593 512
31916706 10 0 10409625 512
32637596 10 0 10409656 512
33489560 10 0 10409687 512
34275990 10 0 10409718 512
34865817 10 0 10409750 512
35324575 10 0 10409781 512
35586727 10 0 10409796 512
35652274 10 0 10409812 512
35717823 10 0 10409828 512
35783372 10 0 10409859 512
35979993 10 0 10409890 512
36045540 10 0 10409953 512
36045540 10 0 10409984 514
22479728 10 0 10410937 513
23724883 10 0 10410953 512
24445772 10 0 10410968 512
25232198 10 0 10410984 512
26018631 10 0 10411015 512
26673996 10 0 10411031 512
27132757 10 0 10411062 512
27329377 10 0 10411078 512
27198316 10 0 10411093 512
26936186 10 0 10411109 512
26411910 10 0 10411140 512
25756560 10 0 10411171 512
24904599 10 0 10411187 512
24118169 10 0 10411203 512
23331734 10 0 10411218 512
22676369 10 0 10411234 512
22217608 10 0 10411265 512
22086525 10 0 10411296 512
22217586 10 0 10411312 512
22610793 10 0 10411328 512
22610793 10 0 10411375 514
23987102 10 0 10411906 513
24314818 10 0 10411906 512
24380366 10 0 10411937 512
24314834 10 0 10412000 512
24249294 10 0 10412031 512
24249294 10 0 10412062 514
26215313 10 0 10412359 513
27722676 10 0 10412359 512
27657151 10 0 10412390 512
27198406 10 0 10412421 512
27198406 10 0 10412468 514
21365729 10 0 10412812 513
23725019 10 0 10412812 512
24576983 10 0 10412812 512
25363410 10 0 10412843 512
26280910 10 0 10412859 512
27263947 10 0 10412875 512
28312519 10 0 10412890 512
29295555 10 0 10412937 512
30344129 10 0 10412953 512
30344129 10 0 10413078 514
34145163 10 0 10413453 513
36307837 10 0 10413468 512
37028734 10 0 10413484 512
37487492 10 0 10413515 512
37618573 10 0 10413531 512
37618583 10 0 10413562 512
37290913 10 0 10413578 512
36701098 10 0 10413593 512
35980209 10 0 10413656 512
35062709 10 0 10413671 512
34407348 10 0 10413734 512
34014126 10 0 10413781 512
33751973 10 0 10413828 512
33817498 10 0 10413859 512
33817498 10 0 10413953 514
