70 140 660 1280
31457563 10 10766755 6919843 513
30671146 10 10766755 6919843 512
29032768 10 10766755 6919859 512
28049740 10 10766755 6919859 512
27001179 10 10766755 6919875 512
25821548 10 10766755 6919875 512
24510846 10 10766755 6919890 512
23200144 10 10766755 6919906 512
21889442 10 10766755 6919906 512
20644277 10 10766755 6919921 512
19530183 10 10766755 6919921 512
18481623 10 10766755 6919937 512
17564133 10 10766755 6919937 512
16843250 10 10766755 6919953 512
16122366 10 10766755 6919953 512
16122366 10 10766755 6919984 514
18481623 10 10766755 6920187 513
19595739 10 10766755 6920187 512
21692906 10 10766755 6920187 512
22544879 10 10766755 6920203 512
23396852 10 10766755 6920203 512
24314360 10 10766755 6920218 512
25231865 10 10766755 6920218 512
26280441 10 10766755 6920234 512
27394553 10 10766755 6920234 512
28574201 10 10766755 6920250 512
29753848 10 10766755 6920250 512
30999030 10 10766755 6920265 512
32244210 10 10766755 6920281 512
33489388 10 10766755 6920281 512
34734564 10 10766755 6920296 512
35914203 10 10766755 6920296 512
37028304 10 10766755 6920312 512
38076870 10 10766755 6920312 512
38928827 10 10766755 6920328 512
39649708 10 10766755 6920343 512
40173980 10 10766755 6920359 512
40108429 10 10766755 6920390 512
39715203 10 10766755 6920390 512
39059838 10 10766755 6920406 512
38273406 10 10766755 6920406 512
37290370 10 10766755 6920421 512
36372874 10 10766755 6920421 512
35389844 10 10766755 6920437 512
34406817 10 10766755 6920453 512
33423791 10 10766755 6920453 512
32506303 10 10766755 6920468 512
31588816 10 10766755 6920468 512
30802403 10 10766755 6920484 512
30081527 10 10766755 6920484 512
29426186 10 10766755 6920500 512
28836381 10 10766755 6920500 512
28312110 10 10766755 6920515 512
27722302 10 10766755 6920515 512
27132492 10 10766755 6920531 512
26411608 10 10766755 6920546 512
25625188 10 10766755 6920546 512
24773230 10 10766755 6920562 512
23790197 10 10766755 6920562 512
22872699 10 10766755 6920578 512
22020735 10 10766755 6920578 512
21168771 10 10766755 6920593 512
20382341 10 10766755 6920609 512
19989123 10 10766755 6920640 512
19923583 10 10766755 6920656 512
20251256 10 10766755 6920656 512
20906607 10 10766755 6920671 512
21889638 10 10766755 6920671 512
23003741 10 10766755 6920687 512
24314454 10 10766755 6920687 512
25625167 10 10766755 6920703 512
27001416 10 10766755 6920703 512
28246593 10 10766755 6920718 512
29360699 10 10766755 6920734 512
30343733 10 10766755 6920734 512
31261233 10 10766755 6920750 512
31588913 10 10766755 6920796 512
31326772 10 10766755 6920796 512
30802490 10 10766755 6920812 512
30016065 10 10766755 6920828 512
29164104 10 10766755 6920828 512
28508751 10 10766755 6920843 512
27918936 10 10766755 6920859 512
27787866 10 10766755 6920875 512
27984472 10 10766755 6920875 512
28574292 10 10766755 6920890 512
29360719 10 10766755 6920890 512
30343754 10 10766755 6920906 512
31261255 10 10766755 6920921 512
32178757 10 10766755 6920937 512
32834121 10 10766755 6920953 512
32899665 10 10766755 6920968 512
32703066 10 10766755 6920968 512
32113251 10 10766755 6920984 512
31392365 10 10766755 6920984 512
30540406 10 10766755 6921000 512
29688445 10 10766755 6921015 512
28836481 10 10766755 6921015 512
28050052 10 10766755 6921031 512
27918981 10 10766755 6921062 512
28181125 10 10766755 6921078 512
28705412 10 10766755 6921078 512
29557378 10 10766755 6921109 512
30212743 10 10766755 6921125 512
30409361 10 10766755 6921140 512
30212765 10 10766755 6921156 512
29622953 10 10766755 6921156 512
28902068 10 10766755 6921171 512
28115645 10 10766755 6921187 512
27394756 10 10766755 6921187 512
26608332 10 10766755 6921203 512
25821907 10 10766755 6921218 512
24969946 10 10766755 6921250 512
24052449 10 10766755 6921265 512
23200488 10 10766755 6921281 512
22348527 10 10766755 6921281 512
21496568 10 10766755 6921296 512
20710144 10 10766755 6921296 512
19923721 10 10766755 6921312 512
19202834 10 10766755 6921312 512
18547482 10 10766755 6921328 512
18481953 10 10766755 6921375 512
18809638 10 10766755 6921390 512
19465000 10 10766755 6921390 512
20316968 10 10766755 6921406 512
21431077 10 10766755 6921406 512
22545183 10 10766755 6921421 512
23724824 10 10766755 6921421 512
24969999 10 10766755 6921437 512
26215172 10 10766755 6921437 512
27460343 10 10766755 6921468 512
28705512 10 10766755 6921484 512
29950679 10 10766755 6921500 512
32572082 10 10766755 6921515 512
35193478 10 10766755 6921531 512
37618260 10 10766755 6921546 512
39911969 10 10766755 6921562 512
42271220 10 10766755 6921578 512
43385312 10 10766755 6921593 512
45416890 10 10766755 6921609 512
47186328 10 10766755 6921625 512
48431484 10 10766755 6921640 512
48955758 10 10766755 6921656 512
49283424 10 10766755 6921671 512
49152342 10 10766755 6921687 512
48628051 10 10766755 6921703 512
47907156 10 10766755 6921718 512
47120729 10 10766755 6921734 512
45547885 10 10766755 6921750 512
44630394 10 10766755 6921765 512
42598813 10 10766755 6921781 512
40305098 10 10766755 6921796 512
37749248 10 10766755 6921812 512
35127871 10 10766755 6921828 512
32309898 10 10766755 6921843 512
30802612 10 10766755 6921859 512
27460365 10 10766755 6921875 512
24511339 10 10766755 6921890 512
23135131 10 10766755 6921906 512
23135131 10 10766755 6921921 514
