70 140 660 1280
35324311 10 0 1802328 513
34865575 10 0 1802343 512
33489347 10 0 1802343 512
32768464 10 0 1802343 512
31850975 10 0 1802359 512
30802416 10 0 1802375 512
29557250 10 0 1802375 512
28246549 10 0 1802390 512
26739243 10 0 1802390 512
25100865 10 0 1802406 512
23396952 10 0 1802406 512
21693038 10 0 1802421 512
19989122 10 0 1802421 512
18481811 10 0 1802437 512
17171103 10 0 1802437 512
15925927 10 0 1802468 512
14942888 10 0 1802484 512
14484125 10 0 1802500 512
14484110 10 0 1802500 512
14942843 10 0 1802515 512
15729256 10 0 1802515 512
16712278 10 0 1802531 512
17891910 10 0 1802531 512
19137082 10 0 1802546 512
20447793 10 0 1802562 512
21692971 10 0 1802562 512
22741544 10 0 1802578 512
23659050 10 0 1802593 512
24314417 10 0 1802609 512
24642108 10 0 1802609 512
24707655 10 0 1802625 512
24576596 10 0 1802640 512
24248930 10 0 1802640 512
23790190 10 0 1802656 512
23265912 10 0 1802656 512
22676097 10 0 1802671 512
22086274 10 0 1802687 512
21758589 10 0 1802703 512
21561970 10 0 1802703 512
21758562 10 0 1802718 512
22217293 10 0 1802718 512
22872631 10 0 1802734 512
23659039 10 0 1802750 512
24445449 10 0 1802750 512
25166323 10 0 1802765 512
25756129 10 0 1802765 512
26280402 10 0 1802781 512
26345933 10 0 1802843 512
26214865 10 0 1802843 512
25821659 10 0 1802859 512
25231850 10 0 1802859 512
24576510 10 0 1802875 512
23855637 10 0 1802875 512
23134767 10 0 1802890 512
22413900 10 0 1802890 512
21758570 10 0 1802906 512
21168777 10 0 1802906 512
20644519 10 0 1802921 512
20185795 10 0 1802937 512
19792604 10 0 1802937 512
19530481 10 0 1802953 512
19596026 10 0 1802984 512
19989239 10 0 1802984 512
20644586 10 0 1803000 512
21430997 10 0 1803015 512
22479548 10 0 1803015 512
23659171 10 0 1803031 512
24904330 10 0 1803031 512
26083958 10 0 1803046 512
27066982 10 0 1803046 512
27853408 10 0 1803078 512
28246626 10 0 1803078 512
28246634 10 0 1803093 512
27984503 10 0 1803109 512
27394697 10 0 1803109 512
26608284 10 0 1803125 512
25625264 10 0 1803125 512
24642242 10 0 1803140 512
23724754 10 0 1803140 512
23462618 10 0 1803171 512
23724764 10 0 1803187 512
24576728 10 0 1803203 512
25952978 10 0 1803203 512
27591373 10 0 1803218 512
29295307 10 0 1803218 512
30933708 10 0 1803234 512
32178899 10 0 1803234 512
33030878 10 0 1803250 512
33489645 10 0 1803250 512
33489662 10 0 1803265 512
33227538 10 0 1803265 512
32703271 10 0 1803281 512
32047932 10 0 1803296 512
31261521 10 0 1803296 512
30475107 10 0 1803312 512
29819763 10 0 1803312 512
29885310 10 0 1803343 512
30278531 10 0 1803359 512
30933893 10 0 1803359 512
31720325 10 0 1803375 512
32506759 10 0 1803390 512
32506759 10 0 1803421 514
30868608 10 0 1803671 513
30868608 10 0 1803687 514
