70 140 660 1280
32440672 10 0 10054796 513
30605685 10 0 10054812 512
29884796 10 0 10054828 512
29294981 10 0 10054843 512
28705167 10 0 10054859 512
28639638 10 0 10054890 512
29098393 10 0 10054906 512
29753753 10 0 10054906 512
30474647 10 0 10054921 512
31457683 10 0 10054937 512
32309648 10 0 10054953 512
33161612 10 0 10054984 512
33423753 10 0 10055015 512
33292681 10 0 10055062 512
33096078 10 0 10055093 512
32702869 10 0 10055187 512
31981979 10 0 10055203 512
31457700 10 0 10055281 512
30933420 10 0 10055343 512
30343604 10 0 10055359 512
30278074 10 0 10055437 512
30474685 10 0 10055453 512
31130045 10 0 10055468 512
32113087 10 0 10055484 512
33096128 10 0 10055500 512
33685958 10 0 10055546 512
33882572 10 0 10055562 512
33685971 10 0 10055578 512
33227225 10 0 10055609 512
32702937 10 0 10055656 512
32375252 10 0 10055671 512
32309709 10 0 10055687 512
32047561 10 0 10055750 512
31588812 10 0 10055781 512
31064532 10 0 10055781 512
30343647 10 0 10055796 512
29753836 10 0 10055812 512
29229561 10 0 10055812 512
28770820 10 0 10055828 512
28246540 10 0 10055843 512
28115472 10 0 10056000 512
28115472 10 0 10056046 514
28377610 10 0 10056062 513
28901887 10 0 10056062 512
29557237 10 0 10056062 512
30212594 10 0 10056109 512
30474742 10 0 10056125 512
30540286 10 0 10056140 512
30343691 10 0 10056156 512
30016025 10 0 10056171 512
29688358 10 0 10056218 512
29491754 10 0 10056250 512
29491753 10 0 10056265 512
29753891 10 0 10056281 512
30278172 10 0 10056296 512
30999062 10 0 10056328 512
31916562 10 0 10056343 512
32768529 10 0 10056359 512
33423894 10 0 10056390 512
33817117 10 0 10056406 512
33948200 10 0 10056421 512
33817138 10 0 10056437 512
33489468 10 0 10056453 512
33489468 10 0 10056500 514
28967500 10 0 10056656 513
28508759 10 0 10056656 512
29229672 10 0 10056671 512
30016108 10 0 10056671 512
30868074 10 0 10056687 512
31654500 10 0 10056718 512
31851103 10 0 10056765 512
31916639 10 0 10056781 512
31916644 10 0 10056796 512
31916654 10 0 10056828 512
31654521 10 0 10056843 512
31326851 10 0 10056859 512
30605964 10 0 10056875 512
29950614 10 0 10056906 512
29033118 10 0 10056921 512
28377768 10 0 10056937 512
27853489 10 0 10056953 512
27919032 10 0 10056968 512
28246717 10 0 10056984 512
28902082 10 0 10057000 512
29754054 10 0 10057000 512
30737097 10 0 10057015 512
31720140 10 0 10057015 512
32572111 10 0 10057031 512
33489619 10 0 10057046 512
34144985 10 0 10057062 512
34144985 10 0 10057109 514
