70 140 660 1280
17956989 12 2588671 16957671 513
18153636 12 2588671 16957671 512
18153650 12 2588671 16957687 512
18088128 12 62207 16957718 512
17891533 12 62207 16957734 512
17694939 12 1498737 16957765 512
17563881 12 1498737 16957781 512
17432822 12 1498737 16957812 512
17301762 12 6471182 16957843 512
17170703 12 6471182 16957859 512
17039643 12 16759319 16957921 512
16908580 12 10766755 16958031 512
17039655 12 13217535 16958125 512
17498408 12 3550702 16958156 512
18022693 12 3550702 16958187 512
18678048 12 2588671 16958203 512
19398938 12 2588671 16958234 512
20250900 12 2588671 16958250 512
21037325 12 62207 16958281 512
21823750 12 62207 16958296 512
22544639 12 62207 16958312 512
23265529 12 1498737 16958328 512
23855347 12 1498737 16958343 512
24576237 12 1498737 16958375 512
25231590 12 6471182 16958390 512
26018016 12 6471182 16958406 512
26869977 12 6471182 16958421 512
27525328 12 6471182 16958437 512
28311751 12 16759319 16958468 512
29032639 12 16759319 16958484 512
29753525 12 16759319 16958500 512
30474413 12 14253376 16958515 512
31195302 12 14253376 16958546 512
31850654 12 10766755 16958578 512
32440470 12 10766755 16958609 512
32440470 12 3550702 16958703 514
24707305 12 13217535 16959218 513
25690374 12 13217535 16959234 512
25952532 12 13217535 16959250 512
26280224 12 13217535 16959265 512
26542382 12 3550702 16959281 512
26870075 12 3550702 16959296 512
27066692 12 62207 16959437 512
27066692 12 1498737 16959468 514
30474495 12 2588671 16959906 513
32833799 12 2588671 16959906 512
33554697 12 2588671 16959921 512
34275594 12 2588671 16959937 512
35062026 12 62207 16959953 512
35913994 12 62207 16959968 512
36765963 12 62207 16959984 512
37552396 12 62207 16960000 512
38404367 12 1498737 16960015 512
39256336 12 1498737 16960046 512
40108305 12 6471182 16960078 512
40108305 12 14253376 16960203 514
41746584 12 6471182 16960640 513
41615548 12 6471182 16960640 512
41550026 12 6471182 16960640 512
41418969 12 6471182 16960656 512
41353447 12 6471182 16960687 512
41353462 12 16759319 16960703 512
41287942 12 16759319 16960718 512
41222422 12 16759319 16960734 512
41156902 12 16759319 16960750 512
41025847 12 14253376 16960765 512
40960329 12 14253376 16960781 512
40829274 12 14253376 16960796 512
40763755 12 14253376 16960812 512
40698238 12 10766755 16960843 512
40632718 12 10766755 16960859 512
40632718 12 3550702 16960968 514
15794770 12 62207 16961656 513
18219586 12 62207 16961656 512
19006015 12 1498737 16961750 512
19595834 12 6471182 16961765 512
19595834 12 6471182 16961796 514
22348248 12 3550702 16962140 513
22020600 12 3550702 16962156 512
21955077 12 3550702 16962171 512
21824020 12 3550702 16962187 512
21692963 12 3550702 16962203 512
21627444 12 3550702 16962218 512
21496389 12 3550702 16962234 512
21365335 12 3550702 16962250 512
21234281 12 3550702 16962265 512
21234297 12 3550702 16962281 512
21168776 12 3550702 16962296 512
21103255 12 2588671 16962312 512
21103255 12 1498737 16962421 514
27001368 12 3550702 16962781 513
28574202 12 3550702 16962781 512
29164020 12 3550702 16962781 512
29819374 12 3550702 16962796 512
30605801 12 3550702 16962812 512
31457766 12 2588671 16962828 512
32375268 12 2588671 16962843 512
33292772 12 2588671 16962875 512
34144741 12 62207 16962890 512
34996712 12 62207 16962906 512
35717613 12 62207 16962921 512
36307444 12 62207 16962937 512
36897277 12 1498737 16962953 512
37421574 12 1498737 16962984 512
37880338 12 1498737 16963000 512
38076959 12 6471182 16963015 512
38076972 12 6471182 16963031 512
37814841 12 6471182 16963046 512
37421637 12 16759319 16963078 512
36962897 12 16759319 16963093 512
36373084 12 16759319 16963109 512
35652198 12 16759319 16963125 512
34931310 12 14253376 16963140 512
34144883 12 14253376 16963156 512
33292919 12 14253376 16963171 512
32506488 12 14253376 16963187 512
31720057 12 10766755 16963203 512
30868087 12 10766755 16963218 512
30081652 12 10766755 16963250 512
29295216 12 13217535 16963265 512
28639847 12 13217535 16963281 512
27984478 12 13217535 16963296 512
27460179 12 13217535 16963312 512
27066951 12 3550702 16963343 512
26804792 12 3550702 16963359 512
26739242 12 3550702 16963375 512
26804766 12 2588671 16963406 512
27066896 12 2588671 16963421 512
27066896 12 62207 16963468 514
29033087 12 16759319 16964218 513
28836511 12 16759319 16964218 512
28574378 12 16759319 16964218 512
28377781 12 16759319 16964234 512
28246720 12 16759319 16964250 512
28115660 12 14253376 16964281 512
28181209 12 14253376 16964296 512
28181221 12 14253376 16964312 512
28377833 12 13217535 16964421 512
28377833 12 3550702 16964453 514
33620583 12 6471182 16964750 513
33227400 12 6471182 16964750 512
33030805 12 16759319 16964781 512
32703139 12 16759319 16964796 512
32375474 12 16759319 16964812 512
32178880 12 16759319 16964828 512
32047821 12 14253376 16964843 512
32047834 12 14253376 16964875 512
31916770 12 10766755 16964921 512
31916770 12 10766755 16964953 514
21037788 12 1498737 16965218 513
21955295 12 1498737 16965234 512
24773344 12 1498737 16965250 512
25625313 12 1498737 16965265 512
26673889 12 1498737 16965281 512
28639967 12 1498737 16965296 512
30606046 12 1498737 16965312 512
32506589 12 1498737 16965328 512
34407132 12 1498737 16965343 512
35259100 12 1498737 16965359 512
36373212 12 1498737 16965375 512
37356253 12 1498737 16965390 512
38404831 12 1498737 16965406 512
39453408 12 1498737 16965421 512
39453408 12 16759319 16965484 514
18613030 12 62207 16965828 513
21300005 12 62207 16965828 512
22414116 12 62207 16965843 512
23659298 12 62207 16965859 512
24773408 12 62207 16965859 512
25821983 12 62207 16965875 512
26805023 12 62207 16965875 512
27656992 12 1498737 16965890 512
28508962 12 1498737 16965890 512
29295396 12 1498737 16965906 512
30147365 12 1498737 16965906 512
30999334 12 1498737 16965921 512
31851303 12 1498737 16965937 512
32637735 12 1498737 16965937 512
33489703 12 6471182 16965953 512
34276136 12 6471182 16965953 512
35062569 12 6471182 16965968 512
35980074 12 6471182 16965984 512
36963115 12 6471182 16966000 512
37946158 12 16759319 16966015 512
38863665 12 16759319 16966031 512
39715634 12 16759319 16966062 512
40567603 12 14253376 16966093 512
40567603 12 10766755 16966140 514
19203043 12 1498737 16970984 513
19465157 12 1498737 16971000 512
19792826 12 1498737 16971015 512
20251568 12 1498737 16971031 512
20841382 12 1498737 16971046 512
21496734 12 1498737 16971062 512
22152089 12 1498737 16971078 512
23004054 12 6471182 16971093 512
23790485 12 6471182 16971109 512
24707991 12 6471182 16971140 512
25428893 12 16759319 16971156 512
26084260 12 16759319 16971171 512
26805161 12 16759319 16971187 512
27329459 12 16759319 16971203 512
27657150 12 14253376 16971234 512
27919305 12 14253376 16971234 512
28115925 12 14253376 16971250 512
28050404 12 10766755 16971281 512
27984882 12 10766755 16971296 512
27722751 12 13217535 16971328 512
27329550 12 13217535 16971343 512
26805271 12 13217535 16971375 512
26149919 12 3550702 16971390 512
25363493 12 3550702 16971421 512
24577065 12 2588671 16971453 512
23659562 12 2588671 16971468 512
22807593 12 2588671 16971500 512
22021159 12 62207 16971531 512
21300258 12 62207 16971546 512
20644892 12 62207 16971562 512
20055061 12 1498737 16971578 512
19661836 12 1498737 16971609 512
19334145 12 1498737 16971625 512
19203061 12 6471182 16971640 512
19137512 12 6471182 16971656 512
19137499 12 6471182 16971687 512
19399631 12 16759319 16971703 512
19399631 12 16759319 16971750 514
19072098 12 10766755 16974093 513
19072098 12 10766755 16974109 514
16712810 12 1498737 16974437 513
18744434 12 1498737 16974437 512
19596401 12 1498737 16974437 512
20382833 12 6471182 16974468 512
21103728 12 6471182 16974484 512
21890160 12 6471182 16974500 512
22676591 12 16759319 16974515 512
23397486 12 16759319 16974531 512
24183917 12 16759319 16974546 512
24904813 12 16759319 16974562 512
25756782 12 14253376 16974593 512
26543213 12 14253376 16974609 512
27329643 12 14253376 16974625 512
28116073 12 10766755 16974656 512
28902504 12 13217535 16974703 512
29688935 12 3550702 16974765 512
30344295 12 2588671 16974828 512
30344295 12 62207 16974937 514
33686482 12 13217535 16975843 513
36242389 12 13217535 16975843 512
37159893 12 13217535 16975875 512
38011861 12 3550702 16975890 512
38732753 12 2588671 16975953 512
39322575 12 62207 16976046 512
39715794 12 6471182 16976187 512
39977945 12 16759319 16976203 512
40240100 12 14253376 16976281 512
40436721 12 14253376 16976296 512
40502272 12 10766755 16976375 512
40633357 12 10766755 16976390 512
40698908 12 13217535 16976437 512
40764458 12 13217535 16976453 512
40764473 12 3550702 16976500 512
40764488 12 3550702 16976515 512
40698966 12 2588671 16976578 512
40633444 12 62207 16976593 512
40567921 12 1498737 16976671 512
40567933 12 1498737 16976687 512
40567946 12 16759319 16976796 512
40633494 12 16759319 16976812 512
40633506 12 14253376 16976843 512
40699050 12 13217535 16976968 512
40699054 12 2588671 16977093 512
40699054 12 62207 16977171 514
