70 140 660 1280
17957240 10 62207 24336578 513
17039745 10 62207 24336578 512
15335816 10 62207 24336578 512
15532423 10 62207 24336593 512
14745993 10 62207 24336593 512
14090630 10 1498737 24336625 512
13697408 10 1498737 24336625 512
13697397 10 1498737 24336640 512
14025062 10 1498737 24336640 512
14745938 10 1498737 24336656 512
15860027 10 1498737 24336656 512
17301792 10 6471182 24336671 512
19136772 10 6471182 24336671 512
21233895 10 6471182 24336687 512
23658699 10 6471182 24336687 512
26345649 10 6471182 24336703 512
29098139 10 6471182 24336718 512
31916169 10 6471182 24336718 512
34668667 10 16759319 24336734 512
37224562 10 16759319 24336734 512
39518316 10 16759319 24336750 512
41549931 10 16759319 24336750 512
43319404 10 16759319 24336765 512
44761200 10 16759319 24336765 512
46006391 10 16759319 24336781 512
47054975 10 16759319 24336781 512
47841416 10 14253376 24336796 512
48431252 10 14253376 24336812 512
48824482 10 14253376 24336812 512
48955569 10 14253376 24336828 512
48758976 10 14253376 24336828 512
48300241 10 14253376 24336843 512
47448290 10 14253376 24336843 512
46399732 10 10766755 24336859 512
45154566 10 10766755 24336859 512
43647256 10 10766755 24336875 512
42008874 10 10766755 24336875 512
40304955 10 10766755 24336890 512
38535500 10 10766755 24336906 512
36634973 10 10766755 24336906 512
34734446 10 13217535 24336921 512
32833918 10 13217535 24336921 512
30998924 10 13217535 24336937 512
29163930 10 13217535 24336937 512
27525542 10 13217535 24336953 512
25887154 10 13217535 24336953 512
24379836 10 13217535 24336968 512
22938053 10 13217535 24336984 512
21627341 10 3550702 24336984 512
20513236 10 3550702 24337000 512
19595737 10 3550702 24337000 512
18809309 10 3550702 24337015 512
18743771 10 2588671 24337062 512
19136982 10 2588671 24337078 512
20054478 10 2588671 24337078 512
21168581 10 2588671 24337093 512
22610362 10 2588671 24337093 512
24248752 10 62207 24337109 512
26083748 10 62207 24337109 512
27984281 10 62207 24337125 512
29819278 10 62207 24337125 512
31654276 10 62207 24337140 512
33358203 10 62207 24337140 512
34931061 10 62207 24337156 512
36307311 10 1498737 24337171 512
37486956 10 1498737 24337171 512
38469994 10 1498737 24337187 512
38994287 10 1498737 24337203 512
39059832 10 1498737 24337218 512
38666627 10 1498737 24337218 512
37880208 10 6471182 24337234 512
36831647 10 6471182 24337234 512
35520943 10 6471182 24337250 512
34079168 10 6471182 24337265 512
32571858 10 6471182 24337265 512
31195621 10 6471182 24337281 512
29950455 10 6471182 24337281 512
29032968 10 16759319 24337296 512
28443159 10 16759319 24337296 512
28181027 10 16759319 24337312 512
28377641 10 16759319 24337328 512
28967464 10 16759319 24337328 512
29819426 10 16759319 24337359 512
30999063 10 14253376 24337375 512
32375304 10 14253376 24337390 512
35193321 10 14253376 24337406 512
37683663 10 14253376 24337421 512
38535627 10 10766755 24337437 512
38928846 10 10766755 24337453 512
38863321 10 10766755 24337468 512
37618174 10 10766755 24337484 512
35586607 10 10766755 24337500 512
33620583 10 10766755 24337515 512
32440986 10 10766755 24337531 512
32113325 10 10766755 24337546 512
32244412 10 10766755 24337562 512
32899775 10 10766755 24337578 512
34603693 10 10766755 24337593 512
36504201 10 10766755 24337609 512
38470241 10 10766755 24337625 512
39453260 10 10766755 24337640 512
41091621 10 10766755 24337656 512
41681430 10 10766755 24337671 512
42205704 10 10766755 24337687 512
42140164 10 10766755 24337703 512
40960529 10 10766755 24337718 512
39977504 10 10766755 24337734 512
37552717 10 10766755 24337750 512
34800259 10 10766755 24337765 512
32047800 10 10766755 24337781 512
29229796 10 10766755 24337796 512
26673924 10 10766755 24337812 512
25494287 10 10766755 24337828 512
23200543 10 10766755 24337843 512
20841258 10 10766755 24337859 512
18350897 10 10766755 24337875 512
15729464 10 10766755 24337890 512
13108031 10 10766755 24337906 512
11928386 10 10766755 24337921 512
9831240 10 10766755 24337937 512
11338566 10 6471182 24339406 513
14418780 10 6471182 24339406 512
15401824 10 16759319 24339421 512
16450403 10 16759319 24339421 512
17498980 10 16759319 24339437 512
18744163 10 16759319 24339437 512
20054880 10 16759319 24339453 512
21431129 10 16759319 24339453 512
22938447 10 16759319 24339468 512
24576834 10 16759319 24339468 512
26280752 10 14253376 24339484 512
28115738 10 14253376 24339484 512
29950721 10 14253376 24339500 512
31720167 10 14253376 24339515 512
33424075 10 14253376 24339515 512
35127983 10 14253376 24339531 512
36700819 10 14253376 24339531 512
38142583 10 10766755 24339546 512
39322205 10 10766755 24339546 512
40239685 10 10766755 24339562 512
40829487 10 10766755 24339562 512
41288219 10 10766755 24339578 512
41484808 10 10766755 24339578 512
41484792 10 10766755 24339593 512
41419239 10 13217535 24339609 512
41157082 10 13217535 24339609 512
40763852 10 13217535 24339625 512
40239551 10 13217535 24339625 512
39715251 10 13217535 24339640 512
39190952 10 13217535 24339640 512
38601118 10 13217535 24339656 512
37945755 10 3550702 24339687 512
37355933 10 3550702 24339703 512
36831653 10 3550702 24339703 512
36372915 10 3550702 24339718 512
36045254 10 3550702 24339718 512
35717598 10 2588671 24339734 512
35389946 10 2588671 24339734 512
35062298 10 2588671 24339750 512
34734654 10 2588671 24339750 512
34407013 10 2588671 24339765 512
34144910 10 2588671 24339765 512
33882807 10 2588671 24339781 512
33620701 10 62207 24339796 512
33424129 10 62207 24339796 512
33358623 10 62207 24339812 512
33293110 10 62207 24339812 512
33358654 10 62207 24339843 512
33424184 10 1498737 24339859 512
33620773 10 1498737 24339875 512
33882889 10 1498737 24339875 512
34276070 10 1498737 24339890 512
34800319 10 1498737 24339890 512
35390102 10 1498737 24339906 512
36176493 10 1498737 24339906 512
37093959 10 6471182 24339921 512
38076964 10 6471182 24339921 512
38994439 10 6471182 24339937 512
39846386 10 6471182 24339937 512
40501740 10 16759319 24339984 512
40960496 10 16759319 24339984 512
41222654 10 16759319 24340000 512
41288211 10 16759319 24340000 512
41222701 10 16759319 24340015 512
41026121 10 16759319 24340015 512
40698472 10 16759319 24340031 512
40305290 10 16759319 24340031 512
39781038 10 14253376 24340046 512
39256786 10 14253376 24340062 512
38601461 10 14253376 24340062 512
37880599 10 14253376 24340078 512
37028663 10 14253376 24340078 512
36111191 10 14253376 24340093 512
35062644 10 14253376 24340093 512
33817489 10 10766755 24340109 512
32506796 10 10766755 24340109 512
31130567 10 10766755 24340125 512
29623263 10 10766755 24340125 512
28050422 10 10766755 24340140 512
26477578 10 10766755 24340156 512
24904732 10 10766755 24340156 512
23397421 10 13217535 24340171 512
22021180 10 13217535 24340171 512
20776007 10 13217535 24340187 512
19727441 10 13217535 24340203 512
19203156 10 13217535 24340218 512
19268691 10 3550702 24340250 512
19661900 10 3550702 24340265 512
20448321 10 3550702 24340281 512
22742048 10 3550702 24340296 512
25494515 10 3550702 24340312 512
28574655 10 3550702 24340328 512
31720329 10 3550702 24340343 512
33293166 10 3550702 24340359 512
36176705 10 3550702 24340375 512
38404895 10 3550702 24340390 512
39256850 10 3550702 24340406 512
40698637 10 3550702 24340421 512
41550625 10 3550702 24340437 512
41747252 10 3550702 24340453 512
41681769 10 3550702 24340468 512
41157551 10 3550702 24340484 512
40436736 10 3550702 24340500 512
39781465 10 3550702 24340515 512
39453873 10 3550702 24340531 512
39388374 10 3550702 24340546 512
39322868 10 3550702 24340562 512
39257356 10 3550702 24340578 512
38995220 10 3550702 24340593 512
38667540 10 3550702 24340609 512
38339852 10 3550702 24340625 512
38012161 10 2588671 24340640 512
38012161 10 62207 24340703 514
44106919 10 2588671 24341218 513
44237962 10 2588671 24341218 512
44237962 10 62207 24341250 514
47186724 10 62207 24342953 513
46924615 10 62207 24342953 512
47383372 10 1498737 24342984 512
47973195 10 1498737 24343000 512
48563014 10 1498737 24343015 512
49152829 10 1498737 24343031 512
49611579 10 6471182 24343093 512
49742655 10 16759319 24343125 512
49808198 10 16759319 24343156 512
49677137 10 16759319 24343171 512
49677137 10 10766755 24343265 514
47186793 10 16759319 24343703 513
47186793 10 16759319 24343718 514
45417351 10 62207 24344078 513
46531465 10 62207 24344078 512
47842189 10 62207 24344078 512
47842189 10 6471182 24344203 514
48563038 10 16759319 24344843 513
47448954 10 16759319 24344843 512
47776640 10 14253376 24344875 512
48300929 10 10766755 24344921 512
48825213 10 10766755 24344953 512
49349493 10 13217535 24344984 512
49480556 10 3550702 24345046 512
49283941 10 3550702 24345078 512
48890722 10 2588671 24345125 512
48563044 10 62207 24345203 512
48563044 10 1498737 24345265 514
46728072 10 2588671 24345671 513
48956290 10 2588671 24345671 512
49218436 10 62207 24345750 512
49218436 10 62207 24345781 514
45089694 10 10766755 24346093 513
47514528 10 10766755 24346109 512
48235423 10 3550702 24346218 512
48235423 10 2588671 24346265 514
48628653 10 13217535 24346703 513
48628653 10 13217535 24346703 514
45155273 10 62207 24347468 513
47317961 10 62207 24347468 512
47645641 10 6471182 24347593 512
47514572 10 16759319 24347625 512
46990287 10 16759319 24347656 512
46269396 10 14253376 24347671 512
45482968 10 14253376 24347703 512
45220828 10 13217535 24347828 512
45220830 10 13217535 24347843 512
45614047 10 3550702 24347875 512
46203871 10 3550702 24347890 512
46990302 10 2588671 24347937 512
47776734 10 2588671 24347968 512
48104415 10 1498737 24348093 512
48104415 10 6471182 24348109 514
47252466 10 1498737 24353156 513
47252466 10 1498737 24353156 514
47252466 10 10766755 24353375 513
47252475 10 10766755 24353375 512
47252475 10 3550702 24353515 514
43910167 10 13217535 24355140 513
46138390 10 13217535 24355140 512
46990358 10 13217535 24355171 512
47580182 10 2588671 24355296 512
47580182 10 62207 24355359 514
43779128 10 1498737 24355968 513
46007354 10 1498737 24355968 512
46597184 10 6471182 24355984 512
47121472 10 6471182 24356031 512
47645755 10 16759319 24356062 512
47973427 10 16759319 24356093 512
48038954 10 14253376 24356156 512
47776802 10 10766755 24356187 512
47318049 10 10766755 24356218 512
46728228 10 13217535 24356250 512
46203946 10 13217535 24356265 512
45614131 10 3550702 24356296 512
45220925 10 3550702 24356328 512
44762181 10 2588671 24356390 512
44303432 10 62207 24356453 512
43975749 10 1498737 24356484 512
43844670 10 1498737 24356515 512
43844670 10 6471182 24356593 514
47121523 10 2588671 24358640 513
49284212 10 2588671 24358640 512
49284205 10 62207 24358687 512
48956521 10 62207 24358703 512
48366700 10 1498737 24358734 512
47842419 10 1498737 24358765 512
47514749 10 1498737 24358781 512
47449224 10 6471182 24358828 512
47711376 10 16759319 24358875 512
48104595 10 14253376 24358953 512
48104595 10 14253376 24358968 514
47514765 10 2588671 24359750 513
47514765 10 2588671 24359750 514
48759921 10 6471182 24361062 513
49480822 10 6471182 24361078 512
49022092 10 6471182 24361093 512
49022092 10 6471182 24361109 514
45089956 10 1498737 24363250 513
47449258 10 1498737 24363250 512
48301224 10 1498737 24363265 512
49153189 10 6471182 24363296 512
49939619 10 6471182 24363343 512
50791585 10 16759319 24363406 512
51184800 10 14253376 24363468 512
51053727 10 10766755 24363531 512
51053727 10 13217535 24363562 514
44958896 10 3550702 24364187 513
45352144 10 3550702 24364187 512
45352155 10 2588671 24364234 512
45352162 10 1498737 24364375 512
45483234 10 6471182 24364453 512
45876448 10 16759319 24364484 512
46335195 10 16759319 24364531 512
46793940 10 14253376 24364562 512
47383756 10 14253376 24364593 512
47776965 10 13217535 24364718 512
47711425 10 2588671 24364796 512
47711425 10 2588671 24364843 514
46859463 10 3550702 24365296 513
46859463 10 3550702 24365296 514
47056084 10 13217535 24366375 513
47908064 10 13217535 24366390 512
48170223 10 13217535 24366406 512
48301299 10 13217535 24366421 512
48366837 10 2588671 24366546 512
48301301 10 6471182 24366703 512
48301301 10 6471182 24366734 514
49415328 10 62207 24367156 513
49874089 10 62207 24367156 512
49874117 10 62207 24367156 512
49808593 10 1498737 24367171 512
49808604 10 1498737 24367203 512
49808615 10 1498737 24367218 512
49808626 10 6471182 24367250 512
49743099 10 14253376 24367375 512
49743101 10 10766755 24367468 512
49612026 10 13217535 24367500 512
49612026 10 13217535 24367531 514
49087688 10 16759319 24367859 513
50332876 10 16759319 24367859 512
51446995 10 16759319 24367875 512
51905750 10 10766755 24368015 512
51840217 10 10766755 24368031 512
51840217 10 13217535 24368062 514
45155589 10 62207 24368796 513
45352206 10 62207 24368796 512
45352225 10 62207 24368796 512
45221156 10 62207 24368843 512
45221156 10 1498737 24368875 514
45417738 10 62207 24369406 513
46597368 10 62207 24369421 512
46925079 10 62207 24369437 512
46990623 10 1498737 24369468 512
46859553 10 16759319 24369593 512
46728481 10 16759319 24369609 512
46728481 10 14253376 24369625 514
46859530 10 16759319 24370156 513
48563482 10 16759319 24370156 512
48891158 10 14253376 24370187 512
49022226 10 14253376 24370187 512
49022219 10 10766755 24370250 512
48629001 10 13217535 24370328 512
48366859 10 3550702 24370359 512
48366862 10 62207 24370500 512
48366862 10 1498737 24370593 514
48825616 10 6471182 24371171 513
49874190 10 6471182 24371171 512
50267406 10 6471182 24371187 512
50595086 10 6471182 24371187 512
50595086 10 16759319 24371281 514
50595056 10 6471182 24371750 513
51184919 10 6471182 24371750 512
51119395 10 16759319 24371828 512
51053867 10 13217535 24371984 512
51053867 10 2588671 24372109 514
