70 140 660 1280
15664022 10 0 1906750 513
15664022 10 0 1906750 514
16253919 10 0 1928671 513
16253919 10 0 1928687 514
15794623 10 0 1939796 513
15794623 10 0 1939812 514
11796747 10 0 1956218 513
15073532 10 0 1956218 512
15991037 10 0 1956234 512
16974079 10 0 1956234 512
17826048 10 0 1956250 512
18678019 10 0 1956265 512
19464454 10 0 1956281 512
19923213 10 0 1956312 512
19923221 10 0 1956328 512
19661084 10 0 1956343 512
19071266 10 0 1956343 512
18284839 10 0 1956359 512
17367339 10 0 1956359 512
16449838 10 0 1956375 512
15532337 10 0 1956375 512
14549299 10 0 1956406 512
13631797 10 0 1956421 512
13631797 10 0 1956484 514
17367292 10 0 1956750 513
16253214 10 0 1956750 512
16253214 10 0 1956781 514
11862389 10 0 1956953 513
14418275 10 0 1956953 512
15335776 10 0 1956968 512
15991138 10 0 1957000 512
16318825 10 0 1957015 512
16384372 10 0 1957031 512
16122241 10 0 1957046 512
15925636 10 0 1957109 512
15925634 10 0 1957109 512
16253307 10 0 1957125 512
16777585 10 0 1957140 512
17432934 10 0 1957140 512
18153821 10 0 1957171 512
18874709 10 0 1957171 512
19726670 10 0 1957187 512
20513099 10 0 1957234 512
21299532 10 0 1957250 512
21823827 10 0 1957281 512
21954909 10 0 1957296 512
21692775 10 0 1957312 512
21234032 10 0 1957328 512
20513140 10 0 1957359 512
19857778 10 0 1957375 512
19530091 10 0 1957390 512
19464544 10 0 1957406 512
19726674 10 0 1957421 512
20250951 10 0 1957453 512
20578628 10 0 1957484 512
20578628 10 0 1957515 514
12386746 10 0 1957796 513
15270322 10 0 1957812 512
17105327 10 0 1957812 512
17957293 10 0 1957812 512
18809260 10 0 1957828 512
19005865 10 0 1957875 512
18743720 10 0 1957890 512
18153896 10 0 1957890 512
17236392 10 0 1957906 512
16318888 10 0 1957906 512
15335851 10 0 1957921 512
14549423 10 0 1957937 512
13762999 10 0 1957953 512
13238719 10 0 1957984 512
12976586 10 0 1958000 512
13304276 10 0 1958015 512
14025176 10 0 1958046 512
14811608 10 0 1958046 512
15860182 10 0 1958062 512
16974290 10 0 1958078 512
17236431 10 0 1958156 512
17039823 10 0 1958171 512
16581073 10 0 1958171 512
15925717 10 0 1958187 512
15204826 10 0 1958203 512
14549476 10 0 1958218 512
13894127 10 0 1958234 512
13435386 10 0 1958250 512
13369858 10 0 1958281 512
13369858 10 0 1958328 514
13763071 10 0 1958343 513
14483959 10 0 1958343 512
15335915 10 0 1958343 512
15925736 10 0 1958406 512
15991275 10 0 1958421 512
15598069 10 0 1958437 512
15073793 10 0 1958453 512
14483981 10 0 1958468 512
14418451 10 0 1958562 512
14877204 10 0 1958578 512
15663633 10 0 1958593 512
16515598 10 0 1958593 512
17367562 10 0 1958609 512
18219528 10 0 1958625 512
19005960 10 0 1958656 512
19661324 10 0 1958687 512
19792403 10 0 1958703 512
19399194 10 0 1958718 512
18743839 10 0 1958750 512
17957408 10 0 1958765 512
17236508 10 0 1958781 512
16646676 10 0 1958796 512
16646676 10 0 1958875 514
12190286 10 0 1959000 513
11534951 10 0 1959000 512
11403887 10 0 1959000 512
11207291 10 0 1959015 512
11338371 10 0 1959046 512
11731588 10 0 1959062 512
12321410 10 0 1959078 512
12976764 10 0 1959078 512
13697653 10 0 1959093 512
14353006 10 0 1959093 512
15008359 10 0 1959109 512
15598177 10 0 1959125 512
16253534 10 0 1959156 512
16712290 10 0 1959187 512
16843372 10 0 1959203 512
16646775 10 0 1959203 512
16188035 10 0 1959218 512
15532687 10 0 1959234 512
15336082 10 0 1959296 512
15663759 10 0 1959312 512
16122506 10 0 1959328 512
16908931 10 0 1959343 512
17695355 10 0 1959375 512
18481786 10 0 1959406 512
19006078 10 0 1959421 512
19071623 10 0 1959437 512
18809491 10 0 1959453 512
18678422 10 0 1959500 512
18678419 10 0 1959515 512
19006093 10 0 1959515 512
19464835 10 0 1959531 512
20120183 10 0 1959546 512
20513396 10 0 1959609 512
20644471 10 0 1959609 512
20578941 10 0 1959625 512
20382343 10 0 1959640 512
19989138 10 0 1959640 512
19530397 10 0 1959656 512
19071658 10 0 1959671 512
19006135 10 0 1959687 512
19595968 10 0 1959703 512
20579012 10 0 1959718 512
22020805 10 0 1959718 512
23724738 10 0 1959734 512
25559742 10 0 1959734 512
27394744 10 0 1959750 512
29164211 10 0 1959750 512
30605997 10 0 1959765 512
31851176 10 0 1959765 512
32899747 10 0 1959781 512
33424028 10 0 1959812 512
33358486 10 0 1959828 512
33358486 10 0 1959859 514
31261443 10 0 1960640 513
29164327 10 0 1960656 512
28836662 10 0 1960671 512
29098816 10 0 1960687 512
30212930 10 0 1960703 512
31720243 10 0 1960703 512
32375594 10 0 1960703 512
33162015 10 0 1960718 512
33358616 10 0 1960765 512
33162006 10 0 1960781 512
32768791 10 0 1960796 512
32244508 10 0 1960796 512
31654692 10 0 1960812 512
30999342 10 0 1960812 512
30409529 10 0 1960828 512
29819716 10 0 1960828 512
29360975 10 0 1960843 512
28967769 10 0 1960843 512
28640101 10 0 1960859 512
28377969 10 0 1960890 512
28574585 10 0 1960921 512
29098871 10 0 1960937 512
29754225 10 0 1960953 512
30475109 10 0 1960953 512
31327063 10 0 1960968 512
32113479 10 0 1960984 512
32965431 10 0 1960984 512
33751847 10 0 1961000 512
34538265 10 0 1961000 512
35259149 10 0 1961015 512
35586827 10 0 1961062 512
35521296 10 0 1961078 512
35062555 10 0 1961078 512
34407211 10 0 1961093 512
33555260 10 0 1961093 512
32703309 10 0 1961109 512
31916895 10 0 1961109 512
31196015 10 0 1961125 512
30606207 10 0 1961125 512
30081933 10 0 1961140 512
29754266 10 0 1961156 512
29885346 10 0 1961218 512
30213029 10 0 1961218 512
30802851 10 0 1961234 512
31589279 10 0 1961250 512
32441241 10 0 1961250 512
33424274 10 0 1961265 512
34538380 10 0 1961265 512
35849093 10 0 1961281 512
37356415 10 0 1961281 512
38929274 10 0 1961296 512
40502134 10 0 1961296 512
42009460 10 0 1961312 512
43385714 10 0 1961312 512
44499823 10 0 1961328 512
45613934 10 0 1961343 512
45745005 10 0 1961390 512
45351788 10 0 1961406 512
44499820 10 0 1961406 512
44499820 10 0 1961437 514
29754324 10 0 1961609 513
29492193 10 0 1961609 512
29164534 10 0 1961609 512
29492218 10 0 1961656 512
29885432 10 0 1961656 512
30409714 10 0 1961671 512
30933993 10 0 1961671 512
31458270 10 0 1961687 512
31917018 10 0 1961734 512
32244701 10 0 1961750 512
32375781 10 0 1961765 512
32834539 10 0 1961828 512
33424364 10 0 1961828 512
34145257 10 0 1961843 512
34866148 10 0 1961843 512
35718110 10 0 1961859 512
36504538 10 0 1961875 512
37290970 10 0 1961890 512
37946334 10 0 1961906 512
38339557 10 0 1961921 512
38405102 10 0 1961937 512
38011896 10 0 1961953 512
37291005 10 0 1961968 512
36439036 10 0 1961984 512
35783668 10 0 1962000 512
35521513 10 0 1962031 512
35193829 10 0 1962078 512
34931688 10 0 1962093 512
34538479 10 0 1962109 512
34014204 10 0 1962109 512
33424395 10 0 1962125 512
32834586 10 0 1962125 512
32244779 10 0 1962140 512
31654971 10 0 1962140 512
31196233 10 0 1962156 512
30671959 10 0 1962171 512
30540892 10 0 1962203 512
30803035 10 0 1962218 512
31261779 10 0 1962218 512
31982664 10 0 1962234 512
32769083 10 0 1962234 512
33555502 10 0 1962250 512
34276386 10 0 1962250 512
34931735 10 0 1962265 512
35521550 10 0 1962281 512
35783694 10 0 1962328 512
35652627 10 0 1962328 512
35324956 10 0 1962343 512
34669607 10 0 1962343 512
33817652 10 0 1962359 512
32900161 10 0 1962375 512
31917134 10 0 1962375 512
30934106 10 0 1962390 512
30082149 10 0 1962390 512
29230190 10 0 1962406 512
29033588 10 0 1962468 512
29295733 10 0 1962468 512
30016627 10 0 1962484 512
30934127 10 0 1962484 512
32048234 10 0 1962500 512
33162341 10 0 1962500 512
34210913 10 0 1962515 512
35259488 10 0 1962531 512
36111458 10 0 1962546 512
36766824 10 0 1962578 512
37028977 10 0 1962593 512
36897911 10 0 1962625 512
36308088 10 0 1962640 512
35587188 10 0 1962656 512
35062890 10 0 1962671 512
34866268 10 0 1962687 512
34735192 10 0 1962750 512
34538586 10 0 1962750 512
34014305 10 0 1962765 512
33293421 10 0 1962765 512
32310396 10 0 1962781 512
31261836 10 0 1962781 512
30213277 10 0 1962796 512
29230254 10 0 1962812 512
28247231 10 0 1962812 512
27395277 10 0 1962828 512
26739930 10 0 1962828 512
26543325 10 0 1962906 512
26739929 10 0 1962906 512
27329745 10 0 1962921 512
28247237 10 0 1962921 512
29361336 10 0 1962937 512
30540970 10 0 1962937 512
31720604 10 0 1962968 512
32900240 10 0 1962984 512
33948806 10 0 1963000 512
34866301 10 0 1963015 512
35325050 10 0 1963031 512
34931837 10 0 1963046 512
34276482 10 0 1963062 512
33490056 10 0 1963078 512
32638095 10 0 1963093 512
32113815 10 0 1963109 512
31786145 10 0 1963125 512
31982764 10 0 1963140 512
32375990 10 0 1963156 512
32965822 10 0 1963171 512
33752264 10 0 1963187 512
34604243 10 0 1963203 512
35325149 10 0 1963218 512
35652834 10 0 1963250 512
35587298 10 0 1963265 512
35194080 10 0 1963281 512
34604252 10 0 1963296 512
33883352 10 0 1963312 512
33031383 10 0 1963328 512
31917275 10 0 1963343 512
30934241 10 0 1963359 512
29230325 10 0 1963375 512
28509440 10 0 1963390 512
27395350 10 0 1963406 512
27133217 10 0 1963421 512
27460903 10 0 1963437 512
28312872 10 0 1963453 512
29426980 10 0 1963468 512
30803228 10 0 1963484 512
33424647 10 0 1963500 512
35587316 10 0 1963515 512
36439276 10 0 1963531 512
37029100 10 0 1963562 512
37225715 10 0 1963578 512
37225728 10 0 1963593 512
37094672 10 0 1963609 512
37094688 10 0 1963625 512
37356845 10 0 1963640 512
37881140 10 0 1963640 512
38667573 10 0 1963656 512
39585073 10 0 1963656 512
40633640 10 0 1963671 512
41813277 10 0 1963671 512
43123982 10 0 1963687 512
44369149 10 0 1963687 512
44369149 10 0 1963718 514
