70 140 660 1280
15335783 10 0 8368265 513
15335783 10 0 8368281 514
15008103 10 0 8369265 513
15663471 10 0 8369265 512
17301892 10 0 8369281 512
17957257 10 0 8369312 512
18416009 10 0 8369421 512
18416009 10 0 8369437 514
20840771 10 0 8369812 513
19923302 10 0 8369812 512
19595635 10 0 8369812 512
19399040 10 0 8369843 512
19267980 10 0 8369859 512
19202457 10 0 8369875 512
19267998 10 0 8370000 512
19726749 10 0 8370031 512
20251032 10 0 8370046 512
20840849 10 0 8370062 512
21561735 10 0 8370078 512
22282621 10 0 8370093 512
23003507 10 0 8370109 512
23724394 10 0 8370125 512
24445280 10 0 8370140 512
25100631 10 0 8370156 512
25755983 10 0 8370171 512
26280261 10 0 8370203 512
26739003 10 0 8370234 512
26739003 10 0 8370281 514
22610291 10 0 8370515 513
22872444 10 0 8370515 512
23921043 10 0 8370546 512
24379806 10 0 8370562 512
24707498 10 0 8370578 512
24904118 10 0 8370609 512
24904118 10 0 8370687 514
25690507 10 0 8370968 513
27787674 10 0 8370984 512
27787674 10 0 8371062 514
32833826 10 0 8371375 513
31064403 10 0 8371375 512
30736735 10 0 8371390 512
30474602 10 0 8371406 512
30146932 10 0 8371406 512
29884800 10 0 8371421 512
29557131 10 0 8371421 512
29294999 10 0 8371437 512
29098405 10 0 8371453 512
28901810 10 0 8371453 512
28574145 10 0 8371468 512
28246480 10 0 8371515 512
27853278 10 0 8371531 512
27853278 10 0 8371578 514
12452321 10 0 8371953 513
15204835 10 0 8371953 512
15991269 10 0 8371953 512
16777703 10 0 8371968 512
17564137 10 0 8371968 512
18416107 10 0 8371984 512
19202540 10 0 8371984 512
20120045 10 0 8372000 512
21037550 10 0 8372015 512
21955055 10 0 8372015 512
22938096 10 0 8372031 512
23921137 10 0 8372031 512
24904178 10 0 8372046 512
25952755 10 0 8372046 512
27001332 10 0 8372062 512
28049910 10 0 8372062 512
29098488 10 0 8372078 512
30147065 10 0 8372078 512
31130107 10 0 8372093 512
32178684 10 0 8372109 512
33096189 10 0 8372109 512
34079229 10 0 8372125 512
34996734 10 0 8372125 512
35848703 10 0 8372140 512
36635136 10 0 8372140 512
37421569 10 0 8372156 512
38339073 10 0 8372171 512
39256576 10 0 8372187 512
40108542 10 0 8372218 512
40370688 10 0 8372250 512
40370688 10 0 8372281 514
16384573 10 0 8372656 513
17236543 10 0 8372656 512
18743874 10 0 8372656 512
19792451 10 0 8372671 512
20841028 10 0 8372687 512
21889605 10 0 8372703 512
22807110 10 0 8372718 512
23659079 10 0 8372750 512
23855687 10 0 8372812 512
23659078 10 0 8372828 512
23659078 10 0 8372875 514
18874954 10 0 8373062 513
18022992 10 0 8373062 512
16843370 10 0 8373062 512
16450166 10 0 8373078 512
16056962 10 0 8373109 512
15729296 10 0 8373125 512
15925916 10 0 8373203 512
16384676 10 0 8373218 512
17171113 10 0 8373234 512
18219691 10 0 8373250 512
19333804 10 0 8373265 512
20578988 10 0 8373296 512
21693100 10 0 8373312 512
22479528 10 0 8373375 512
22938274 10 0 8373390 512
22938274 10 0 8373437 514
25821761 10 0 8373609 513
24773225 10 0 8373625 512
24183418 10 0 8373640 512
23724683 10 0 8373656 512
23462556 10 0 8373671 512
23265962 10 0 8373703 512
22938293 10 0 8373734 512
22479549 10 0 8373750 512
22479549 10 0 8373765 514
10355437 10 0 8374046 513
13239030 10 0 8374062 512
15860471 10 0 8374078 512
16712437 10 0 8374078 512
17564404 10 0 8374078 512
18481908 10 0 8374078 512
19399411 10 0 8374093 512
20316915 10 0 8374093 512
21299956 10 0 8374109 512
22217460 10 0 8374109 512
23134965 10 0 8374125 512
24052469 10 0 8374125 512
24969974 10 0 8374140 512
25887479 10 0 8374156 512
26804984 10 0 8374156 512
27656953 10 0 8374171 512
28508922 10 0 8374171 512
29491963 10 0 8374187 512
30540539 10 0 8374203 512
31589114 10 0 8374234 512
32441078 10 0 8374265 512
32441078 10 0 8374312 514
27394722 10 0 8374546 513
28639906 10 0 8374546 512
29754021 10 0 8374546 512
30671525 10 0 8374562 512
31589030 10 0 8374562 512
32637607 10 0 8374593 512
33751718 10 0 8374609 512
34931366 10 0 8374625 512
35979942 10 0 8374640 512
37028519 10 0 8374656 512
37946027 10 0 8374703 512
38535858 10 0 8374718 512
38929083 10 0 8374734 512
38929096 10 0 8374750 512
38732503 10 0 8374765 512
38470373 10 0 8374781 512
38208242 10 0 8374781 512
37880574 10 0 8374796 512
37552907 10 0 8374812 512
37290777 10 0 8374828 512
37028647 10 0 8374843 512
37028647 10 0 8374937 514
11273116 10 0 8375343 513
13108114 10 0 8375343 512
14091150 10 0 8375343 512
15074185 10 0 8375359 512
15860612 10 0 8375375 512
16647039 10 0 8375375 512
17564536 10 0 8375390 512
18350962 10 0 8375406 512
19137387 10 0 8375406 512
19858277 10 0 8375421 512
20644703 10 0 8375437 512
21431128 10 0 8375453 512
22283088 10 0 8375484 512
22479691 10 0 8375546 512
22479691 10 0 8375578 514
18613090 10 0 8375765 513
19334019 10 0 8375765 512
19989388 10 0 8375781 512
20513686 10 0 8375796 512
21037983 10 0 8375812 512
21562278 10 0 8375843 512
21627820 10 0 8375890 512
21627820 10 0 8375921 514
19071910 10 0 8376125 513
19071920 10 0 8376125 512
18744257 10 0 8376125 512
18482124 10 0 8376140 512
18219991 10 0 8376171 512
17761248 10 0 8376187 512
17761248 10 0 8376234 514
10486763 10 0 8376484 513
13239274 10 0 8376500 512
14877672 10 0 8376515 512
15598569 10 0 8376531 512
17564652 10 0 8376546 512
19399660 10 0 8376562 512
20382699 10 0 8376578 512
21365739 10 0 8376593 512
22414315 10 0 8376609 512
23397355 10 0 8376625 512
24052711 10 0 8376703 512
24052711 10 0 8376734 514
27525999 10 0 8376984 513
26936213 10 0 8376984 512
26411938 10 0 8376984 512
25887664 10 0 8376984 512
25363389 10 0 8377000 512
24904649 10 0 8377031 512
24511445 10 0 8377046 512
24445920 10 0 8377093 512
24642537 10 0 8377125 512
25166830 10 0 8377140 512
25887731 10 0 8377156 512
26739702 10 0 8377171 512
27788277 10 0 8377187 512
28836851 10 0 8377218 512
30082034 10 0 8377234 512
31130609 10 0 8377234 512
32244719 10 0 8377250 512
33358830 10 0 8377265 512
34472941 10 0 8377296 512
35455980 10 0 8377312 512
36439020 10 0 8377328 512
36635630 10 0 8377390 512
36439024 10 0 8377406 512
36439024 10 0 8377437 514
