70 140 660 1280
16646404 10 0 14535140 513
16646404 10 0 14535156 514
19202298 10 0 14535390 513
18743584 10 0 14535406 512
18743584 10 0 14535484 514
20054305 10 0 14535828 513
22151440 10 0 14535828 512
22348052 10 0 14535859 512
22151448 10 0 14535890 512
21692699 10 0 14535937 512
21233944 10 0 14535968 512
21233944 10 0 14536031 514
17105230 10 0 14536703 513
19071309 10 0 14536703 512
19923276 10 0 14536703 512
20775243 10 0 14536734 512
21627210 10 0 14536750 512
21954889 10 0 14536812 512
21758283 10 0 14536859 512
21168463 10 0 14536875 512
20709719 10 0 14536937 512
20250977 10 0 14536953 512
19923310 10 0 14536984 512
19595643 10 0 14537031 512
19661183 10 0 14537062 512
19661183 10 0 14537093 514
24445216 10 0 14537375 513
23855424 10 0 14537375 512
23724363 10 0 14537421 512
24052050 10 0 14537453 512
24510805 10 0 14537468 512
25166163 10 0 14537484 512
25166163 10 0 14537593 514
18416042 10 0 14537921 513
18284999 10 0 14537937 512
18153940 10 0 14537953 512
17957346 10 0 14537968 512
17891824 10 0 14537984 512
18219512 10 0 14538015 512
18809339 10 0 14538031 512
19595770 10 0 14538046 512
20382199 10 0 14538078 512
21234162 10 0 14538093 512
21955052 10 0 14538125 512
21955052 10 0 14538156 514
22020518 10 0 14538421 513
24379811 10 0 14538437 512
24707494 10 0 14538453 512
24707500 10 0 14538484 512
24314290 10 0 14538500 512
23790009 10 0 14538500 512
23200192 10 0 14538515 512
23134661 10 0 14538593 512
23462344 10 0 14538609 512
24052167 10 0 14538656 512
24838596 10 0 14538671 512
25493947 10 0 14538687 512
25493947 10 0 14538734 514
26214791 10 0 14538921 513
26214829 10 0 14538921 512
26149307 10 0 14538921 512
26018250 10 0 14538937 512
25756121 10 0 14538953 512
25493992 10 0 14538984 512
25297397 10 0 14539000 512
25297397 10 0 14539078 514
18612848 10 0 14539578 513
21037679 10 0 14539578 512
21889647 10 0 14539609 512
21889647 10 0 14539656 514
18874992 10 0 14539890 513
18678423 10 0 14539890 512
18809506 10 0 14539906 512
19268265 10 0 14539921 512
19858092 10 0 14539953 512
20710058 10 0 14539968 512
21627558 10 0 14539984 512
22479520 10 0 14540000 512
23200407 10 0 14540015 512
23200407 10 0 14540062 514
22807150 10 0 14540265 513
22545040 10 0 14540265 512
22479516 10 0 14540281 512
22479516 10 0 14540328 514
18481853 10 0 14540562 513
20644539 10 0 14540562 512
21824184 10 0 14540578 512
22872758 10 0 14540593 512
23200436 10 0 14540703 512
23003829 10 0 14540734 512
22807226 10 0 14540796 512
22545090 10 0 14540828 512
22348492 10 0 14540843 512
22217431 10 0 14540875 512
21955297 10 0 14540921 512
21955297 10 0 14540953 514
18744071 10 0 14541218 513
18678549 10 0 14541234 512
18875178 10 0 14541250 512
19333934 10 0 14541265 512
19923757 10 0 14541281 512
21431070 10 0 14541296 512
22741772 10 0 14541312 512
23266051 10 0 14541328 512
23593729 10 0 14541390 512
23659269 10 0 14541406 512
23462669 10 0 14541421 512
23528215 10 0 14541468 512
23855903 10 0 14541500 512
24380194 10 0 14541515 512
25101091 10 0 14541531 512
25101091 10 0 14541593 514
18219861 10 0 14541843 513
20251473 10 0 14541843 512
21300047 10 0 14541859 512
22348621 10 0 14541859 512
23266123 10 0 14541875 512
24380233 10 0 14541890 512
25428804 10 0 14541906 512
26477377 10 0 14541921 512
27394879 10 0 14541937 512
27394879 10 0 14542000 514
18875253 10 0 14542250 513
19727217 10 0 14542250 512
21234544 10 0 14542265 512
22020976 10 0 14542281 512
22020976 10 0 14542328 514
18482037 10 0 14542578 513
18875287 10 0 14542578 512
19399579 10 0 14542593 512
20054939 10 0 14542609 512
20710296 10 0 14542625 512
21365650 10 0 14542640 512
22021001 10 0 14542671 512
22676352 10 0 14542687 512
23004030 10 0 14542781 512
23200641 10 0 14542796 512
23069575 10 0 14542812 512
22610831 10 0 14542828 512
22021014 10 0 14542859 512
21169052 10 0 14542890 512
20317090 10 0 14542906 512
19465128 10 0 14542921 512
19268526 10 0 14543000 512
19530673 10 0 14543015 512
19989425 10 0 14543031 512
20775856 10 0 14543046 512
21431218 10 0 14543109 512
21889977 10 0 14543140 512
21889977 10 0 14543218 514
24445827 10 0 14543437 513
24380331 10 0 14543437 512
24511413 10 0 14543484 512
25035706 10 0 14543500 512
25428920 10 0 14543515 512
26084277 10 0 14543531 512
26805169 10 0 14543546 512
26805169 10 0 14543609 514
17368062 10 0 14544109 513
18154512 10 0 14544125 512
19399694 10 0 14544140 512
19530773 10 0 14544156 512
19727385 10 0 14544203 512
20120601 10 0 14544218 512
20579348 10 0 14544250 512
21038092 10 0 14544265 512
21365770 10 0 14544312 512
21496846 10 0 14544328 512
21496854 10 0 14544343 512
21562401 10 0 14544359 512
21693476 10 0 14544421 512
21955615 10 0 14544437 512
22217747 10 0 14544453 512
22545413 10 0 14544468 512
22742015 10 0 14544546 512
22807552 10 0 14544562 512
22807560 10 0 14544578 512
22676499 10 0 14544593 512
22676504 10 0 14544687 512
22873111 10 0 14544718 512
23397396 10 0 14544734 512
24118286 10 0 14544765 512
24904713 10 0 14544781 512
25625606 10 0 14544796 512
25625606 10 0 14544875 514
18416749 10 0 14545140 513
18809934 10 0 14545140 512
19268677 10 0 14545156 512
19858494 10 0 14545171 512
20579385 10 0 14545203 512
21365816 10 0 14545218 512
21955645 10 0 14545250 512
22086726 10 0 14545281 512
21890128 10 0 14545296 512
21496924 10 0 14545328 512
21169256 10 0 14545359 512
20972660 10 0 14545390 512
20776063 10 0 14545406 512
20382857 10 0 14545437 512
19924113 10 0 14545453 512
19268759 10 0 14545484 512
19203224 10 0 14545562 512
19661973 10 0 14545578 512
20382866 10 0 14545593 512
21234830 10 0 14545609 512
22217865 10 0 14545625 512
23004290 10 0 14545656 512
23594105 10 0 14545671 512
23987310 10 0 14545703 512
24314978 10 0 14545718 512
24511583 10 0 14545796 512
24642658 10 0 14545812 512
24577130 10 0 14545828 512
24511604 10 0 14545859 512
24380543 10 0 14545890 512
24577159 10 0 14545937 512
25035913 10 0 14545953 512
25625735 10 0 14545968 512
26346626 10 0 14545984 512
27198588 10 0 14546000 512
27919478 10 0 14546015 512
27919478 10 0 14546093 514
17040606 10 0 14546421 513
19596501 10 0 14546421 512
20579536 10 0 14546421 512
21628107 10 0 14546437 512
22676678 10 0 14546453 512
23725248 10 0 14546484 512
24708283 10 0 14546500 512
24708283 10 0 14546640 514
28116139 10 0 14547281 513
28902568 10 0 14547281 512
29492392 10 0 14547281 512
29492392 10 0 14547312 514
35127873 10 0 14549359 513
35127873 10 0 14549359 514
34603548 10 0 14549718 513
35062308 10 0 14549734 512
36241981 10 0 14549750 512
36241981 10 0 14549765 514
38142490 10 0 14549937 513
38404667 10 0 14549953 512
38273608 10 0 14549968 512
38142549 10 0 14549984 512
38142561 10 0 14550000 512
38470245 10 0 14550046 512
38863459 10 0 14550062 512
39453276 10 0 14550078 512
40043088 10 0 14550093 512
40698434 10 0 14550093 512
41288245 10 0 14550109 512
41878057 10 0 14550125 512
41878057 10 0 14550171 514
40763986 10 0 14550390 513
40829537 10 0 14550390 512
41484912 10 0 14550390 512
41878128 10 0 14550406 512
41878128 10 0 14550437 514
42533447 10 0 14550656 513
44368457 10 0 14550656 512
44368457 10 0 14550703 514
45875744 10 0 14550859 513
46268989 10 0 14550859 512
46269003 10 0 14550859 512
46203480 10 0 14550875 512
46072421 10 0 14550906 512
45941362 10 0 14550937 512
45941362 10 0 14551000 514
33948318 10 0 14551312 513
36635291 10 0 14551312 512
37749400 10 0 14551312 512
38797973 10 0 14551328 512
39781012 10 0 14551328 512
40632981 10 0 14551343 512
41484950 10 0 14551359 512
42402454 10 0 14551375 512
43451030 10 0 14551390 512
44434070 10 0 14551406 512
45351574 10 0 14551421 512
45351574 10 0 14551500 514
36897521 10 0 14551828 513
38077208 10 0 14551828 512
38404902 10 0 14551828 512
38667059 10 0 14551875 512
38667066 10 0 14551906 512
38667066 10 0 14551937 514
38601451 10 0 14552171 513
41026275 10 0 14552171 512
41878244 10 0 14552187 512
42664679 10 0 14552218 512
43320045 10 0 14552234 512
43713269 10 0 14552250 512
43909889 10 0 14552281 512
43778829 10 0 14552296 512
43516698 10 0 14552312 512
43516698 10 0 14552375 514
36701001 10 0 14552640 513
40239933 10 0 14552656 512
41354044 10 0 14552671 512
42468155 10 0 14552687 512
43582267 10 0 14552703 512
44499769 10 0 14552718 512
44761913 10 0 14552765 512
44368697 10 0 14552796 512
43713337 10 0 14552812 512
42926905 10 0 14552828 512
42271550 10 0 14552890 512
41943878 10 0 14552906 512
41747280 10 0 14552921 512
41550683 10 0 14552937 512
41550695 10 0 14552968 512
41485171 10 0 14553000 512
41419646 10 0 14553000 512
41419646 10 0 14553046 514
33751975 10 0 14553328 513
33948617 10 0 14553328 512
34145239 10 0 14553328 512
34341860 10 0 14553359 512
34407409 10 0 14553390 512
34407409 10 0 14553437 514
36963233 10 0 14553625 513
37290926 10 0 14553625 512
37356488 10 0 14553625 512
37159897 10 0 14553640 512
36963306 10 0 14553656 512
36701178 10 0 14553671 512
36504585 10 0 14553687 512
36570127 10 0 14553765 512
36897805 10 0 14553781 512
37291015 10 0 14553796 512
37815293 10 0 14553828 512
38405106 10 0 14553875 512
38863846 10 0 14553890 512
39125978 10 0 14553921 512
39715794 10 0 14553968 512
40371149 10 0 14553984 512
40895439 10 0 14554031 512
41288662 10 0 14554062 512
41288671 10 0 14554078 512
40961003 10 0 14554093 512
40371189 10 0 14554109 512
39715834 10 0 14554140 512
38994937 10 0 14554156 512
38470643 10 0 14554187 512
38208490 10 0 14554203 512
38274015 10 0 14554218 512
38274015 10 0 14554265 514
33883174 10 0 14554562 513
35718168 10 0 14554562 512
36701206 10 0 14554562 512
37815314 10 0 14554578 512
38863886 10 0 14554593 512
39912460 10 0 14554625 512
40240144 10 0 14554687 512
40174613 10 0 14554703 512
39650329 10 0 14554734 512
38994975 10 0 14554796 512
38470696 10 0 14554828 512
38143026 10 0 14554843 512
37946429 10 0 14554859 512
37880906 10 0 14554875 512
37880918 10 0 14554906 512
37880918 10 0 14554968 514
42927075 10 0 14555500 513
44106721 10 0 14555515 512
42206221 10 0 14555531 512
42075163 10 0 14555546 512
42009640 10 0 14555562 512
41944118 10 0 14555578 512
42075202 10 0 14555609 512
42468426 10 0 14555656 512
42992718 10 0 14555671 512
43713613 10 0 14555687 512
44434506 10 0 14555703 512
45155397 10 0 14555718 512
45810750 10 0 14555750 512
46203957 10 0 14555765 512
46400555 10 0 14555781 512
46400555 10 0 14555828 514
45679588 10 0 14556015 513
45876229 10 0 14556015 512
45876246 10 0 14556031 512
45876263 10 0 14556046 512
45810744 10 0 14556062 512
45876294 10 0 14556078 512
45876303 10 0 14556234 512
45876303 10 0 14556265 514
