70 140 660 1280
21299537 10 0 10010765 513
22348116 10 0 10010781 512
24183126 10 0 10010796 512
24641874 10 0 10010828 512
24904011 10 0 10010859 512
24904011 10 0 10010968 514
25559347 10 0 10011390 513
25231696 10 0 10011406 512
25166173 10 0 10011406 512
25100650 10 0 10011406 512
25035126 10 0 10011437 512
25100667 10 0 10011500 512
25362810 10 0 10011531 512
25690485 10 0 10011562 512
26280302 10 0 10011593 512
26870121 10 0 10011656 512
27591014 10 0 10011703 512
28246372 10 0 10011718 512
28967270 10 0 10011750 512
29557099 10 0 10011781 512
29884786 10 0 10011812 512
29884795 10 0 10011843 512
29491584 10 0 10011890 512
28967298 10 0 10011906 512
28311938 10 0 10011953 512
28311938 10 0 10012062 514
23265724 10 0 10012375 513
25297346 10 0 10012375 512
26149313 10 0 10012390 512
27001279 10 0 10012421 512
27853247 10 0 10012453 512
28180925 10 0 10012546 512
28115388 10 0 10012578 512
27787711 10 0 10012687 512
27460036 10 0 10012703 512
27132364 10 0 10012765 512
26935766 10 0 10012796 512
26870237 10 0 10012875 512
26870237 10 0 10012921 514
23200335 10 0 10013296 513
25166404 10 0 10013296 512
25690696 10 0 10013312 512
26018384 10 0 10013343 512
25887322 10 0 10013359 512
25559652 10 0 10013390 512
24969833 10 0 10013437 512
24314473 10 0 10013468 512
23724644 10 0 10013500 512
23462492 10 0 10013531 512
23462492 10 0 10013609 514
29688369 10 0 10013953 513
29622868 10 0 10013968 512
29426272 10 0 10013984 512
29229679 10 0 10014000 512
29098622 10 0 10014015 512
29033101 10 0 10014031 512
28967570 10 0 10014125 512
28902032 10 0 10014140 512
28902032 10 0 10014171 514
29753938 10 0 10014390 513
31720017 10 0 10014390 512
32440915 10 0 10014437 512
32703062 10 0 10014484 512
32703062 10 0 10014515 514
29885050 10 0 10014765 513
31916675 10 0 10014765 512
31916675 10 0 10014859 514
26149603 10 0 10015218 513
28639980 10 0 10015218 512
29295345 10 0 10015234 512
29623033 10 0 10015265 512
29688579 10 0 10015296 512
29557519 10 0 10015343 512
29360924 10 0 10015359 512
28967719 10 0 10015453 512
28967719 10 0 10015515 514
25428799 10 0 10015750 513
27263818 10 0 10015750 512
27984717 10 0 10015781 512
28705614 10 0 10015828 512
28967760 10 0 10015921 512
28771152 10 0 10015953 512
28443472 10 0 10016109 512
28115797 10 0 10016140 512
27919197 10 0 10016156 512
27657059 10 0 10016296 512
27657059 10 0 10016375 514
23528458 10 0 10016937 513
23528458 10 0 10016953 514
23069758 10 0 10017328 513
23069758 10 0 10017328 514
26543160 10 0 10017843 513
26281006 10 0 10017843 512
27591704 10 0 10017843 512
28247059 10 0 10017859 512
28967955 10 0 10017906 512
29492247 10 0 10017937 512
29754399 10 0 10017984 512
29688872 10 0 10018015 512
29361200 10 0 10018062 512
28836920 10 0 10018093 512
28247105 10 0 10018109 512
27591750 10 0 10018156 512
26936391 10 0 10018234 512
26412102 10 0 10018265 512
26149953 10 0 10018328 512
26149945 10 0 10018406 512
26215475 10 0 10018437 512
26215475 10 0 10018468 514
28181531 10 0 10019156 513
28181531 10 0 10019156 514
28181531 10 0 10020375 513
27788350 10 0 10020375 512
27657287 10 0 10020484 512
27722823 10 0 10020593 512
27657287 10 0 10020609 512
27591757 10 0 10020625 512
27591757 10 0 10020687 514
