10289686 3 0 435453 514 300
17170965 3 0 435640 513 300
15925762 3 0 435687 512 300
14877171 3 0 435687 512 300
14483947 3 0 435703 512 300
13042136 3 0 435703 512 300
12452305 3 0 435718 512 300
11928010 3 0 435718 512 300
10420668 3 0 435734 512 300
9961912 3 0 435734 512 300
8651185 3 0 435750 512 300
8257969 3 0 435750 512 300
7864753 3 0 435750 512 300
7471538 3 0 435765 512 300
6619578 3 0 435765 512 300
6291903 3 0 435781 512 300
5964231 3 0 435781 512 300
5308895 3 0 435796 512 300
5177835 3 0 435796 512 300
4981239 3 0 435812 512 300
4915745 3 0 435812 512 300
4915760 3 0 435828 512 300
4981309 3 0 435828 512 300
5374558 3 0 435843 512 300
5505641 3 0 435843 512 300
5636723 3 0 435859 512 300
5833338 3 0 435859 512 300
6423177 3 0 435875 512 300
6619787 3 0 435875 512 300
6881934 3 0 435890 512 300
7733904 3 0 435890 512 300
8127121 3 0 435906 512 300
8651409 3 0 435906 512 300
9896589 3 0 435921 512 300
10551946 3 0 435921 512 300
11207302 3 0 435937 512 300
12845684 3 0 435937 512 300
13894242 3 0 435937 512 300
15073868 3 0 435953 512 300
16056879 3 0 435953 512 300
17039882 3 0 435968 512 300
17957348 3 0 435968 512 300
18678203 3 0 435984 512 300
19136918 3 0 435984 512 300
19464569 3 0 436000 512 300
19530096 3 0 436000 512 300
19595617 3 0 436015 512 300
19661142 3 0 436015 512 300
19661139 3 0 436031 512 300
16253300 3 0 436078 512 300
15663481 3 0 436078 512 300
15008128 3 0 436093 512 300
12976530 3 0 436093 512 300
10355115 3 0 436109 512 300
7733698 3 0 436109 512 300
6947274 3 0 436125 512 300
5177818 3 0 436125 512 300
3408365 3 0 436140 512 300
2097660 3 0 436140 512 300
1704448 3 0 436140 512 300
1180168 3 0 436156 512 300
852493 3 0 436156 512 300
786958 3 0 436171 512 300
786959 3 0 436171 512 300
3211786 3 0 436234 512 300
3473929 3 0 436234 512 300
4719109 3 0 436234 512 300
6423043 3 0 436250 512 300
8258048 3 0 436250 512 300
9110015 3 0 436265 512 300
10748412 3 0 436281 512 300
12255739 3 0 436281 512 300
13173242 3 0 436281 512 300
13697530 3 0 436296 512 300
14418426 3 0 436296 512 300
14615034 3 0 436312 512 300
14811642 3 0 436312 512 300
14811642 3 0 436343 514 300
