12779871 3 0 87231218 513 300
12452185 3 0 87231218 512 300
12452185 3 0 87231218 512 300
12386645 3 0 87231218 512 300
12386645 3 0 87231234 512 300
12386641 3 0 87231234 512 300
12452173 3 0 87231234 512 300
12452173 3 0 87231234 512 300
12648773 3 0 87231234 512 300
12648773 3 0 87231250 512 300
13041979 3 0 87231250 512 300
14549281 3 0 87231265 512 300
14549281 3 0 87231265 512 300
15532307 3 0 87231265 512 300
15532307 3 0 87231265 512 300
16777478 3 0 87231265 512 300
16777478 3 0 87231281 512 300
17957118 3 0 87231281 512 300
17957118 3 0 87231281 512 300
19005689 3 0 87231281 512 300
19005689 3 0 87231296 512 300
19988728 3 0 87231296 512 300
20971770 3 0 87231296 512 300
21954822 3 0 87231312 512 300
22741271 3 0 87231312 512 300
22741271 3 0 87231328 512 300
24052038 3 0 87231328 512 300
24052038 3 0 87231328 512 300
24969598 3 0 87231328 512 300
24969598 3 0 87231343 512 300
25493963 3 0 87231343 512 300
25493963 3 0 87231343 512 300
25494057 3 0 87231343 512 300
25494057 3 0 87231343 512 300
25363085 3 0 87231359 512 300
25363085 3 0 87231359 512 300
24314613 3 0 87231359 512 300
24314613 3 0 87231359 512 300
23200571 3 0 87231375 512 300
23200571 3 0 87231375 512 300
21693306 3 0 87231375 512 300
19727279 3 0 87231390 512 300
19727279 3 0 87231390 512 300
18219969 3 0 87231390 512 300
18219969 3 0 87231406 512 300
16974790 3 0 87231406 512 300
15664069 3 0 87231406 512 300
15664069 3 0 87231406 512 300
14353340 3 0 87231406 512 300
14353340 3 0 87231421 512 300
13566897 3 0 87231421 512 300
13566897 3 0 87231421 512 300
12190616 3 0 87231421 512 300
12190616 3 0 87231437 512 300
10879861 3 0 87231437 512 300
10879861 3 0 87231437 512 300
10290010 3 0 87231453 512 300
8913699 3 0 87231453 512 300
8323835 3 0 87231453 512 300
8323835 3 0 87231453 512 300
7930556 3 0 87231468 512 300
7930556 3 0 87231468 512 300
7930515 3 0 87231468 512 300
7930515 3 0 87231468 512 300
8192617 3 0 87231484 512 300
8192617 3 0 87231484 512 300
8913468 3 0 87231484 512 300
10420730 3 0 87231500 512 300
10420730 3 0 87231500 512 300
11928016 3 0 87231500 512 300
13828521 3 0 87231515 512 300
13828521 3 0 87231515 512 300
15860112 3 0 87231515 512 300
17891712 3 0 87231531 512 300
19530106 3 0 87231531 512 300
19530106 3 0 87231531 512 300
20840828 3 0 87231546 512 300
20840828 3 0 87231546 512 300
22020486 3 0 87231546 512 300
22020486 3 0 87231546 512 300
23003539 3 0 87231562 512 300
23003539 3 0 87231562 512 300
23855533 3 0 87231562 512 300
23855533 3 0 87231562 512 300
24445397 3 0 87231578 512 300
24445397 3 0 87231578 512 300
24642031 3 0 87231578 512 300
24642031 3 0 87231578 512 300
24642091 3 0 87231593 512 300
24642091 3 0 87231593 512 300
24248946 3 0 87231593 512 300
24248946 3 0 87231593 512 300
23265981 3 0 87231609 512 300
22020869 3 0 87231609 512 300
22020869 3 0 87231609 512 300
21168935 3 0 87231609 512 300
21168935 3 0 87231625 512 300
19465046 3 0 87231625 512 300
19465046 3 0 87231625 512 300
18023282 3 0 87231625 512 300
18023282 3 0 87231640 512 300
16778108 3 0 87231640 512 300
16778108 3 0 87231640 512 300
16450430 3 0 87231640 512 300
16450430 3 0 87231656 512 300
15795068 3 0 87231656 512 300
15795068 3 0 87231656 512 300
15205236 3 0 87231656 512 300
15205236 3 0 87231671 512 300
14943084 3 0 87231671 512 300
14943084 3 0 87231671 512 300
14418772 3 0 87231671 512 300
14222143 3 0 87231687 512 300
14222143 3 0 87231687 512 300
13959950 3 0 87231687 512 300
13959950 3 0 87231687 512 300
13959915 3 0 87231703 512 300
13959915 3 0 87231703 512 300
14549665 3 0 87231703 512 300
14549665 3 0 87231703 512 300
15401587 3 0 87231718 512 300
15401587 3 0 87231718 512 300
17433121 3 0 87231718 512 300
17433121 3 0 87231718 512 300
19005937 3 0 87231734 512 300
19005937 3 0 87231734 512 300
20906440 3 0 87231734 512 300
20906440 3 0 87231750 512 300
24052116 3 0 87231750 512 300
24052116 3 0 87231750 512 300
25756032 3 0 87231765 512 300
27066741 3 0 87231765 512 300
29032821 3 0 87231765 512 300
29032821 3 0 87231765 512 300
29884795 3 0 87231781 512 300
29884795 3 0 87231781 512 300
30474629 3 0 87231781 512 300
30474629 3 0 87231781 512 300
31064471 3 0 87231781 512 300
31064471 3 0 87231796 512 300
31982034 3 0 87231796 512 300
31982034 3 0 87231796 512 300
32244223 3 0 87231796 512 300
32244223 3 0 87231812 512 300
32244282 3 0 87231812 512 300
32244282 3 0 87231812 512 300
31982204 3 0 87231812 512 300
31982204 3 0 87231828 512 300
30737134 3 0 87231828 512 300
29623092 3 0 87231828 512 300
29623092 3 0 87231828 512 300
28574576 3 0 87231843 512 300
28574576 3 0 87231843 512 300
26411962 3 0 87231843 512 300
26411962 3 0 87231859 512 300
25297872 3 0 87231859 512 300
25297872 3 0 87231859 512 300
24314844 3 0 87231859 512 300
24314844 3 0 87231875 512 300
23397340 3 0 87231875 512 300
23397340 3 0 87231875 512 300
22610903 3 0 87231875 512 300
22610903 3 0 87231890 512 300
21889991 3 0 87231890 512 300
21889991 3 0 87231890 512 300
21300144 3 0 87231890 512 300
21300144 3 0 87231906 512 300
20644734 3 0 87231906 512 300
20251471 3 0 87231906 512 300
20251471 3 0 87231906 512 300
20251414 3 0 87231921 512 300
20251414 3 0 87231921 512 300
20579023 3 0 87231921 512 300
20579023 3 0 87231921 512 300
21693055 3 0 87231937 512 300
21693055 3 0 87231937 512 300
23265835 3 0 87231937 512 300
23265835 3 0 87231937 512 300
24904172 3 0 87231953 512 300
24904172 3 0 87231953 512 300
26804660 3 0 87231953 512 300
26804660 3 0 87231953 512 300
28574094 3 0 87231953 512 300
28574094 3 0 87231968 512 300
29557120 3 0 87231968 512 300
29557120 3 0 87231984 512 300
30802299 3 0 87231984 512 300
31457660 3 0 87231984 512 300
31457660 3 0 87231984 512 300
32178565 3 0 87232000 512 300
32178565 3 0 87232000 512 300
32702869 3 0 87232000 512 300
32702869 3 0 87232000 512 300
33227186 3 0 87232000 512 300
33227186 3 0 87232015 512 300
33489375 3 0 87232015 512 300
33489375 3 0 87232015 512 300
33489431 3 0 87232031 512 300
33227358 3 0 87232031 512 300
33227358 3 0 87232031 512 300
32703120 3 0 87232031 512 300
32703120 3 0 87232046 512 300
31720158 3 0 87232046 512 300
30475041 3 0 87232046 512 300
29492040 3 0 87232062 512 300
29492040 3 0 87232062 512 300
28050286 3 0 87232062 512 300
28050286 3 0 87232062 512 300
27460469 3 0 87232078 512 300
27460469 3 0 87232078 512 300
27001720 3 0 87232078 512 300
27001720 3 0 87232093 512 300
26346358 3 0 87232093 512 300
26346358 3 0 87232093 512 300
25953136 3 0 87232093 512 300
25953136 3 0 87232093 512 300
25625446 3 0 87232109 512 300
25625446 3 0 87232109 512 300
25166678 3 0 87232109 512 300
25166678 3 0 87232109 512 300
24904505 3 0 87232125 512 300
24904505 3 0 87232125 512 300
24904473 3 0 87232125 512 300
24904435 3 0 87232125 512 300
24904435 3 0 87232140 512 300
25363142 3 0 87232140 512 300
25363142 3 0 87232140 512 300
26215064 3 0 87232156 512 300
26215064 3 0 87232156 512 300
27656811 3 0 87232156 512 300
27656811 3 0 87232156 512 300
29229639 3 0 87232156 512 300
29229639 3 0 87232171 512 300
30736946 3 0 87232171 512 300
30736946 3 0 87232171 512 300
32113192 3 0 87232171 512 300
32113192 3 0 87232187 512 300
32899624 3 0 87232187 512 300
32899624 3 0 87232187 512 300
33358378 3 0 87232187 512 300
34013745 3 0 87232203 512 300
34472510 3 0 87232203 512 300
34472510 3 0 87232203 512 300
34603593 3 0 87232218 512 300
34603593 3 0 87232218 512 300
34669155 3 0 87232218 512 300
34669155 3 0 87232218 512 300
34603637 3 0 87232234 512 300
34603637 3 0 87232234 512 300
33882778 3 0 87232234 512 300
33882778 3 0 87232250 512 300
33292977 3 0 87232250 512 300
33292977 3 0 87232250 512 300
31785689 3 0 87232250 512 300
31785689 3 0 87232265 512 300
30999274 3 0 87232265 512 300
30999274 3 0 87232265 512 300
30147319 3 0 87232265 512 300
28508937 3 0 87232281 512 300
27788046 3 0 87232281 512 300
27788046 3 0 87232281 512 300
27198223 3 0 87232296 512 300
27198223 3 0 87232296 512 300
26673935 3 0 87232296 512 300
26673935 3 0 87232296 512 300
25887497 3 0 87232312 512 300
25887497 3 0 87232312 512 300
25690884 3 0 87232312 512 300
25690884 3 0 87232312 512 300
25363197 3 0 87232328 512 300
25363197 3 0 87232328 512 300
25232114 3 0 87232328 512 300
25232114 3 0 87232328 512 300
25232100 3 0 87232343 512 300
25232100 3 0 87232343 512 300
25363151 3 0 87232343 512 300
25887409 3 0 87232343 512 300
25887409 3 0 87232343 512 300
26870408 3 0 87232359 512 300
26870408 3 0 87232359 512 300
28246622 3 0 87232359 512 300
28246622 3 0 87232375 512 300
29622838 3 0 87232375 512 300
29622838 3 0 87232375 512 300
30999064 3 0 87232375 512 300
30999064 3 0 87232375 512 300
31982089 3 0 87232390 512 300
31982089 3 0 87232390 512 300
32637441 3 0 87232390 512 300
32637441 3 0 87232406 512 300
32834049 3 0 87232406 512 300
32834049 3 0 87232406 512 300
33227267 3 0 87232406 512 300
33227267 3 0 87232421 512 300
33423880 3 0 87232421 512 300
33554966 3 0 87232421 512 300
33554988 3 0 87232437 512 300
33554988 3 0 87232437 512 300
33227347 3 0 87232437 512 300
33227347 3 0 87232437 512 300
32244364 3 0 87232453 512 300
32244364 3 0 87232453 512 300
31064778 3 0 87232453 512 300
31064778 3 0 87232453 512 300
30606046 3 0 87232468 512 300
30606046 3 0 87232468 512 300
29164304 3 0 87232468 512 300
29164304 3 0 87232468 512 300
27722544 3 0 87232484 512 300
27722544 3 0 87232484 512 300
26084166 3 0 87232484 512 300
26084166 3 0 87232484 512 300
25232200 3 0 87232500 512 300
25232200 3 0 87232500 512 300
24707911 3 0 87232500 512 300
24052544 3 0 87232515 512 300
24052544 3 0 87232515 512 300
23593779 3 0 87232515 512 300
23593779 3 0 87232515 512 300
23397161 3 0 87232515 512 300
23397161 3 0 87232531 512 300
23134992 3 0 87232531 512 300
23134992 3 0 87232531 512 300
23003887 3 0 87232531 512 300
23003887 3 0 87232546 512 300
23134918 3 0 87232546 512 300
23134918 3 0 87232546 512 300
23724702 3 0 87232546 512 300
23724702 3 0 87232562 512 300
24248968 3 0 87232562 512 300
24248968 3 0 87232562 512 300
25625181 3 0 87232562 512 300
26477130 3 0 87232578 512 300
28246574 3 0 87232578 512 300
28246574 3 0 87232578 512 300
29032996 3 0 87232593 512 300
29032996 3 0 87232593 512 300
30343708 3 0 87232593 512 300
30343708 3 0 87232593 512 300
30867994 3 0 87232609 512 300
30867994 3 0 87232609 512 300
31588894 3 0 87232609 512 300
31588894 3 0 87232625 512 300
31916579 3 0 87232625 512 300
31916579 3 0 87232625 512 300
32178731 3 0 87232625 512 300
32178731 3 0 87232640 512 300
32309814 3 0 87232640 512 300
32309814 3 0 87232640 512 300
32440914 3 0 87232640 512 300
32440914 3 0 87232656 512 300
32309868 3 0 87232656 512 300
31785612 3 0 87232656 512 300
31785612 3 0 87232656 512 300
31064751 3 0 87232671 512 300
31064751 3 0 87232671 512 300
30081750 3 0 87232671 512 300
30081750 3 0 87232671 512 300
29033211 3 0 87232687 512 300
29033211 3 0 87232687 512 300
26936102 3 0 87232687 512 300
26936102 3 0 87232687 512 300
25822003 3 0 87232687 512 300
25822003 3 0 87232703 512 300
24773431 3 0 87232703 512 300
24773431 3 0 87232703 512 300
23921463 3 0 87232718 512 300
23921463 3 0 87232718 512 300
23003954 3 0 87232718 512 300
23003954 3 0 87232718 512 300
22217511 3 0 87232718 512 300
21562137 3 0 87232734 512 300
21562137 3 0 87232734 512 300
21103365 3 0 87232750 512 300
20644586 3 0 87232750 512 300
20644586 3 0 87232750 512 300
20579020 3 0 87232750 512 300
20579020 3 0 87232765 512 300
20775592 3 0 87232765 512 300
20775592 3 0 87232765 512 300
21496450 3 0 87232765 512 300
21496450 3 0 87232781 512 300
22741594 3 0 87232781 512 300
22741594 3 0 87232781 512 300
24052280 3 0 87232781 512 300
24052280 3 0 87232796 512 300
25559577 3 0 87232796 512 300
25559577 3 0 87232796 512 300
27066884 3 0 87232796 512 300
28377590 3 0 87232812 512 300
28377590 3 0 87232812 512 300
29164020 3 0 87232812 512 300
29164020 3 0 87232812 512 300
29426164 3 0 87232828 512 300
29426164 3 0 87232828 512 300
29950455 3 0 87232828 512 300
29950455 3 0 87232828 512 300
30343681 3 0 87232843 512 300
30343681 3 0 87232843 512 300
30474772 3 0 87232843 512 300
30474772 3 0 87232843 512 300
30409261 3 0 87232859 512 300
30409261 3 0 87232859 512 300
29885021 3 0 87232859 512 300
29885021 3 0 87232859 512 300
28967568 3 0 87232875 512 300
27656905 3 0 87232875 512 300
27656905 3 0 87232875 512 300
27067102 3 0 87232890 512 300
27067102 3 0 87232890 512 300
25363218 3 0 87232890 512 300
25363218 3 0 87232890 512 300
23462713 3 0 87232890 512 300
23462713 3 0 87232906 512 300
20972372 3 0 87232906 512 300
20972372 3 0 87232906 512 300
19792726 3 0 87232906 512 300
19792726 3 0 87232921 512 300
18416467 3 0 87232921 512 300
18416467 3 0 87232921 512 300
17236808 3 0 87232921 512 300
17236808 3 0 87232937 512 300
15860531 3 0 87232937 512 300
15860531 3 0 87232937 512 300
14746392 3 0 87232937 512 300
13894388 3 0 87232953 512 300
13894388 3 0 87232953 512 300
13173447 3 0 87232953 512 300
13173447 3 0 87232953 512 300
13042325 3 0 87232968 512 300
13042325 3 0 87232968 512 300
13435489 3 0 87232968 512 300
13435489 3 0 87232968 512 300
14352936 3 0 87232984 512 300
14352936 3 0 87232984 512 300
15663602 3 0 87232984 512 300
15663602 3 0 87233000 512 300
17433023 3 0 87233000 512 300
17433023 3 0 87233000 512 300
18153901 3 0 87233000 512 300
18153901 3 0 87233015 512 300
19464595 3 0 87233015 512 300
19464595 3 0 87233015 512 300
20119948 3 0 87233015 512 300
20119948 3 0 87233031 512 300
20447626 3 0 87233031 512 300
20709770 3 0 87233031 512 300
20709770 3 0 87233031 512 300
20775307 3 0 87233046 512 300
20775307 3 0 87233046 512 300
20840850 3 0 87233046 512 300
20840850 3 0 87233046 512 300
20840861 3 0 87233062 512 300
20840861 3 0 87233062 512 300
20447680 3 0 87233062 512 300
20447680 3 0 87233062 512 300
19857894 3 0 87233078 512 300
19857894 3 0 87233078 512 300
18612780 3 0 87233078 512 300
17302117 3 0 87233093 512 300
17302117 3 0 87233093 512 300
16188047 3 0 87233093 512 300
16188047 3 0 87233093 512 300
15139493 3 0 87233093 512 300
14549675 3 0 87233109 512 300
14549675 3 0 87233109 512 300
14549675 3 0 87233125 514 300
10092938 3 0 87234796 513 303
10092932 3 0 87234796 512 303
10158458 3 0 87234796 512 303
10223988 3 0 87234812 512 303
10223988 3 0 87234812 512 303
10486123 3 0 87234812 512 303
10486123 3 0 87234812 512 303
10944861 3 0 87234812 512 303
11469139 3 0 87234828 512 303
11469139 3 0 87234828 512 303
12321093 3 0 87234828 512 303
12321093 3 0 87234828 512 303
13435188 3 0 87234843 512 303
13435188 3 0 87234843 512 303
14287145 3 0 87234843 512 303
14287145 3 0 87234843 512 303
15925527 3 0 87234859 512 303
15925527 3 0 87234859 512 303
17629450 3 0 87234859 512 303
17629450 3 0 87234875 512 303
18874627 3 0 87234875 512 303
18874627 3 0 87234875 512 303
21299454 3 0 87234875 512 303
21299454 3 0 87234890 512 303
22544638 3 0 87234890 512 303
22544638 3 0 87234890 512 303
24445187 3 0 87234890 512 303
25493772 3 0 87234906 512 303
25493772 3 0 87234906 512 303
26476826 3 0 87234906 512 303
26476826 3 0 87234906 512 303
27853121 3 0 87234921 512 303
27853121 3 0 87234921 512 303
28442983 3 0 87234921 512 303
28442983 3 0 87234921 512 303
28574104 3 0 87234937 512 303
28574104 3 0 87234937 512 303
28312015 3 0 87234937 512 303
28312015 3 0 87234937 512 303
27329036 3 0 87234953 512 303
27329036 3 0 87234953 512 303
25952846 3 0 87234953 512 303
25952846 3 0 87234953 512 303
24183439 3 0 87234968 512 303
24183439 3 0 87234968 512 303
22217420 3 0 87234968 512 303
22217420 3 0 87234968 512 303
19923717 3 0 87234984 512 303
17367857 3 0 87234984 512 303
17367857 3 0 87234984 512 303
14680915 3 0 87235000 512 303
14680915 3 0 87235000 512 303
12125027 3 0 87235000 512 303
12125027 3 0 87235000 512 303
9962341 3 0 87235000 512 303
9962341 3 0 87235015 512 303
8913761 3 0 87235015 512 303
8913761 3 0 87235015 512 303
6947662 3 0 87235015 512 303
6947662 3 0 87235031 512 303
5505833 3 0 87235031 512 303
5505833 3 0 87235031 512 303
4850445 3 0 87235031 512 303
4850445 3 0 87235046 512 303
3998408 3 0 87235046 512 303
3998408 3 0 87235046 512 303
3867254 3 0 87235046 512 303
4325909 3 0 87235062 512 303
4325909 3 0 87235062 512 303
4981207 3 0 87235062 512 303
4981207 3 0 87235078 512 303
6881652 3 0 87235078 512 303
6881652 3 0 87235078 512 303
9240866 3 0 87235078 512 303
9240866 3 0 87235078 512 303
10879228 3 0 87235093 512 303
10879228 3 0 87235093 512 303
14287054 3 0 87235093 512 303
14287054 3 0 87235093 512 303
16449729 3 0 87235109 512 303
16449729 3 0 87235109 512 303
18481344 3 0 87235109 512 303
18481344 3 0 87235125 512 303
21299405 3 0 87235125 512 303
23003363 3 0 87235125 512 303
24117498 3 0 87235140 512 303
24117498 3 0 87235140 512 303
25690407 3 0 87235140 512 303
25690407 3 0 87235140 512 303
26804583 3 0 87235156 512 303
26804583 3 0 87235156 512 303
27328951 3 0 87235156 512 303
27328951 3 0 87235156 512 303
27329010 3 0 87235171 512 303
27329010 3 0 87235171 512 303
26935887 3 0 87235171 512 303
26935887 3 0 87235171 512 303
25756332 3 0 87235171 512 303
25756332 3 0 87235187 512 303
24380133 3 0 87235187 512 303
24380133 3 0 87235187 512 303
22283050 3 0 87235187 512 303
20579147 3 0 87235203 512 303
20579147 3 0 87235203 512 303
19071841 3 0 87235203 512 303
19071841 3 0 87235218 512 303
16581486 3 0 87235218 512 303
16581486 3 0 87235218 512 303
15336302 3 0 87235218 512 303
15336302 3 0 87235218 512 303
13828966 3 0 87235234 512 303
13828966 3 0 87235234 512 303
12321619 3 0 87235234 512 303
12321619 3 0 87235234 512 303
10224421 3 0 87235250 512 303
10224421 3 0 87235250 512 303
9110265 3 0 87235250 512 303
9110265 3 0 87235265 512 303
8061637 3 0 87235265 512 303
8061637 3 0 87235265 512 303
7537288 3 0 87235265 512 303
7537226 3 0 87235281 512 303
7930374 3 0 87235281 512 303
7930374 3 0 87235281 512 303
8913347 3 0 87235296 512 303
8913347 3 0 87235296 512 303
10551684 3 0 87235296 512 303
10551684 3 0 87235296 512 303
11600231 3 0 87235312 512 303
11600231 3 0 87235312 512 303
13631803 3 0 87235312 512 303
13631803 3 0 87235312 512 303
15663392 3 0 87235328 512 303
15663392 3 0 87235328 512 303
17367315 3 0 87235328 512 303
17367315 3 0 87235328 512 303
18874641 3 0 87235343 512 303
18874641 3 0 87235343 512 303
19726613 3 0 87235343 512 303
19726613 3 0 87235343 512 303
20250906 3 0 87235359 512 303
20906281 3 0 87235359 512 303
20906281 3 0 87235359 512 303
21299526 3 0 87235375 512 303
21299526 3 0 87235375 512 303
21430618 3 0 87235375 512 303
21430618 3 0 87235375 512 303
21430675 3 0 87235375 512 303
21430675 3 0 87235390 512 303
21037498 3 0 87235390 512 303
21037498 3 0 87235390 512 303
20251138 3 0 87235406 512 303
20251138 3 0 87235406 512 303
19464749 3 0 87235406 512 303
19464749 3 0 87235406 512 303
17957492 3 0 87235421 512 303
17957492 3 0 87235421 512 303
16843416 3 0 87235421 512 303
14942918 3 0 87235421 512 303
14090961 3 0 87235437 512 303
14090961 3 0 87235437 512 303
13304534 3 0 87235437 512 303
13304534 3 0 87235437 512 303
12124886 3 0 87235453 512 303
12124886 3 0 87235453 512 303
11469521 3 0 87235453 512 303
11469521 3 0 87235453 512 303
10420931 3 0 87235468 512 303
10420931 3 0 87235468 512 303
9896628 3 0 87235468 512 303
9896628 3 0 87235468 512 303
9437853 3 0 87235484 512 303
9437853 3 0 87235484 512 303
8782440 3 0 87235484 512 303
8782440 3 0 87235500 512 303
8585799 3 0 87235500 512 303
8585763 3 0 87235500 512 303
8585763 3 0 87235500 512 303
9241065 3 0 87235515 512 303
9241065 3 0 87235515 512 303
10027466 3 0 87235515 512 303
10027466 3 0 87235515 512 303
10944946 3 0 87235515 512 303
10944946 3 0 87235531 512 303
11927966 3 0 87235531 512 303
11927966 3 0 87235531 512 303
12714390 3 0 87235531 512 303
12714390 3 0 87235546 512 303
13762960 3 0 87235546 512 303
13762960 3 0 87235546 512 303
14221713 3 0 87235562 512 303
14221713 3 0 87235562 512 303
14483861 3 0 87235562 512 303
14483861 3 0 87235578 512 303
14680475 3 0 87235578 512 303
14746022 3 0 87235578 512 303
14746035 3 0 87235578 512 303
14746035 3 0 87235578 512 303
14614980 3 0 87235593 512 303
14614980 3 0 87235593 512 303
14221786 3 0 87235593 512 303
14221786 3 0 87235609 512 303
13697525 3 0 87235609 512 303
13697525 3 0 87235609 512 303
13107726 3 0 87235609 512 303
13107726 3 0 87235609 512 303
12714525 3 0 87235625 512 303
12714525 3 0 87235625 512 303
12386852 3 0 87235625 512 303
12386852 3 0 87235640 512 303
12255784 3 0 87235640 512 303
12255784 3 0 87235640 512 303
12124713 3 0 87235640 512 303
12059177 3 0 87235656 512 303
11993642 3 0 87235656 512 303
11993642 3 0 87235656 512 303
11993642 3 0 87235671 512 303
11993642 3 0 87235671 512 303
11993642 3 0 87235671 512 303
11928106 3 0 87235687 512 303
11928106 3 0 87235687 512 303
11797036 3 0 87235687 512 303
11797036 3 0 87235687 512 303
11731500 3 0 87235703 512 303
11731500 3 0 87235703 512 303
11469362 3 0 87235703 512 303
11469362 3 0 87235703 512 303
11469362 3 0 87235718 512 303
10814021 3 0 87235718 512 303
10682954 3 0 87235718 512 303
10682954 3 0 87235734 512 303
10224213 3 0 87235734 512 303
10224213 3 0 87235734 512 303
10093144 3 0 87235734 512 303
10093144 3 0 87235734 512 303
9765471 3 0 87235750 512 303
9765471 3 0 87235750 512 303
9568865 3 0 87235765 512 303
9568865 3 0 87235765 512 303
9503329 3 0 87235765 512 303
9503329 3 0 87235765 512 303
9503329 3 0 87235765 512 303
9503329 3 0 87235781 512 303
9503328 3 0 87235781 512 303
9503328 3 0 87235781 512 303
9503321 3 0 87235781 512 303
9503321 3 0 87235796 512 303
9568851 3 0 87235796 512 303
9568851 3 0 87235796 512 303
9962045 3 0 87235796 512 303
10289714 3 0 87235812 512 303
10289714 3 0 87235812 512 303
11272726 3 0 87235812 512 303
11272726 3 0 87235812 512 303
11600397 3 0 87235828 512 303
11600397 3 0 87235828 512 303
12517884 3 0 87235828 512 303
12517884 3 0 87235828 512 303
12780024 3 0 87235843 512 303
12780024 3 0 87235843 512 303
13369844 3 0 87235843 512 303
13369844 3 0 87235843 512 303
13894132 3 0 87235859 512 303
13894132 3 0 87235859 512 303
14090742 3 0 87235859 512 303
14090742 3 0 87235875 512 303
14418426 3 0 87235875 512 303
14090738 3 0 87235875 512 303
14090738 3 0 87235875 512 303
14156294 3 0 87235890 512 303
14156294 3 0 87235890 512 303
14287399 3 0 87235890 512 303
14287399 3 0 87235890 512 303
14156363 3 0 87235906 512 303
14156363 3 0 87235906 512 303
13828725 3 0 87235906 512 303
13828725 3 0 87235906 512 303
13107859 3 0 87235921 512 303
13107859 3 0 87235921 512 303
12583592 3 0 87235921 512 303
12583592 3 0 87235921 512 303
11993778 3 0 87235937 512 303
11993778 3 0 87235937 512 303
11338423 3 0 87235937 512 303
11338423 3 0 87235937 512 303
10814135 3 0 87235953 512 303
10093237 3 0 87235953 512 303
9437869 3 0 87235953 512 303
9437869 3 0 87235968 512 303
8782497 3 0 87235968 512 303
8782497 3 0 87235984 512 303
8061581 3 0 87235984 512 303
7668347 3 0 87235984 512 303
7209561 3 0 87236000 512 303
6947388 3 0 87236000 512 303
6881819 3 0 87236015 512 303
7012855 3 0 87236015 512 303
7471570 3 0 87236031 512 303
8061357 3 0 87236046 512 303
10092922 3 0 87236046 512 303
11010414 3 0 87236046 512 303
11731305 3 0 87236062 512 303
12648808 3 0 87236062 512 303
12648808 3 0 87236062 512 303
13304169 3 0 87236078 512 303
13304169 3 0 87236078 512 303
14287218 3 0 87236078 512 303
14287218 3 0 87236078 512 303
14877052 3 0 87236093 512 303
14877052 3 0 87236093 512 303
15532425 3 0 87236093 512 303
15532425 3 0 87236093 512 303
16318891 3 0 87236109 512 303
16843208 3 0 87236109 512 303
16843208 3 0 87236109 512 303
17105389 3 0 87236125 512 303
17105389 3 0 87236125 512 303
17105429 3 0 87236125 512 303
17105429 3 0 87236125 512 303
17105475 3 0 87236140 512 303
17105475 3 0 87236140 512 303
16712304 3 0 87236140 512 303
16712304 3 0 87236140 512 303
16253597 3 0 87236140 512 303
16253597 3 0 87236156 512 303
15532736 3 0 87236156 512 303
14811866 3 0 87236171 512 303
14811866 3 0 87236171 512 303
14156520 3 0 87236171 512 303
13566702 3 0 87236171 512 303
13042415 3 0 87236187 512 303
13042415 3 0 87236187 512 303
12518124 3 0 87236187 512 303
12518124 3 0 87236203 512 303
12190442 3 0 87236203 512 303
11666147 3 0 87236203 512 303
11666147 3 0 87236218 512 303
11272921 3 0 87236218 512 303
11272921 3 0 87236218 512 303
11010769 3 0 87236218 512 303
11010769 3 0 87236218 512 303
10683073 3 0 87236234 512 303
10683073 3 0 87236234 512 303
10355362 3 0 87236234 512 303
10355362 3 0 87236250 512 303
10355345 3 0 87236250 512 303
10617437 3 0 87236250 512 303
11010621 3 0 87236265 512 303
11010621 3 0 87236265 512 303
11469338 3 0 87236265 512 303
11469338 3 0 87236265 512 303
13107675 3 0 87236281 512 303
13107675 3 0 87236281 512 303
14287289 3 0 87236281 512 303
14287289 3 0 87236281 512 303
15532446 3 0 87236296 512 303
15532446 3 0 87236296 512 303
17629568 3 0 87236296 512 303
17629568 3 0 87236296 512 303
18415995 3 0 87236296 512 303
18415995 3 0 87236312 512 303
19005818 3 0 87236312 512 303
19005818 3 0 87236312 512 303
19595643 3 0 87236328 512 303
20513155 3 0 87236328 512 303
20513155 3 0 87236328 512 303
20906381 3 0 87236328 512 303
20906381 3 0 87236343 512 303
21168538 3 0 87236343 512 303
21168538 3 0 87236343 512 303
21365161 3 0 87236343 512 303
21365161 3 0 87236343 512 303
21430719 3 0 87236359 512 303
21430719 3 0 87236359 512 303
21430746 3 0 87236359 512 303
21430746 3 0 87236375 512 303
21299705 3 0 87236375 512 303
21299705 3 0 87236375 512 303
20972064 3 0 87236390 512 303
20513352 3 0 87236390 512 303
20513352 3 0 87236390 512 303
19923571 3 0 87236390 512 303
19333784 3 0 87236406 512 303
17957583 3 0 87236406 512 303
17040101 3 0 87236421 512 303
17040101 3 0 87236437 512 303
17040101 3 0 87236437 514 303
